,original,prediction
694,4633612.0,7115175.5
2364,2416393.0,2647658.0
885,1609941.0,2017740.9
972,109443.0,758216.06
2155,17271916.0,15904900.0
902,904007.0,1901176.5
1396,1127178.0,1165140.8
2473,708889.0,1734054.5
610,9782071.0,3564230.5
1731,7224563.0,1793158.9
2291,4204287.0,24998532.0
760,2992130.0,4187927.5
1347,1979583.0,1607530.1
1151,7181632.0,1597351.0
1045,20459356.0,13314450.0
103,14763636.0,3426636.0
343,2306400.0,2900558.2
199,6190476.0,4272337.0
1857,2745828.0,7386552.0
1221,4190958.0,6464517.0
815,2172114.0,2223405.8
2084,39315117.0,40485510.0
2269,5057360.0,4639641.0
2330,3055048.0,6820779.0
1672,12427004.0,8994794.0
2251,5790507.0,26570552.0
2109,32272299.0,23684962.0
1573,40688498.0,40443400.0
1177,5614896.0,8517886.0
1769,5012414.0,2990125.5
1953,1796567.0,866594.44
1480,316490.0,504273.44
281,3196448.0,5710938.0
1519,143316.0,5139699.0
630,8730468.0,9326511.0
723,3851211.0,2101463.0
1660,14413634.0,4542676.0
489,36501206.0,36035804.0
676,5537187.0,1980553.6
1526,119431.0,564084.06
465,35389.0,405381.62
1063,17574626.0,6367939.0
2195,11391031.0,12925473.0
1973,1183524.0,2051866.6
1843,3035447.0,14814766.0
1443,519522.0,264896.3
568,14742569.0,18333910.0
525,22653219.0,30896996.0
1492,250803.0,1010024.2
2232,7742583.0,11597276.0
1374,1704661.0,2243529.8
1306,2256245.0,2163089.0
462,500000.0,2486328.5
1065,17546552.0,27973152.0
667,6062721.0,16261648.0
1517,164216.0,667890.4
2260,5678291.0,4361676.0
172,8000000.0,7064567.0
769,2760644.0,1660013.5
1138,8499542.0,6767357.5
1842,3035447.0,10236547.0
2097,33352666.0,27764908.0
2028,531538.0,3303025.2
1724,8202685.0,1587656.5
2468,1003351.0,12460462.0
211,5539771.0,9968132.0
1474,346431.0,1601874.5
1710,9272260.0,11863952.0
1636,18185859.0,13883986.0
182,7413955.0,5066120.0
706,4246737.0,3425708.8
618,9350030.0,14080211.0
2286,4315596.0,1566598.0
363,2019706.0,1285709.0
339,2346614.0,1236369.1
732,3535261.0,3105233.5
1918,1969219.0,3458013.0
329,2413304.0,2751626.0
2076,29127.0,12169569.0
1076,14989221.0,4598214.5
2524,94778.0,364466.62
2517,94778.0,378503.28
1400,1039045.0,1346994.5
2033,531538.0,438234.12
1845,2957343.0,2204064.5
1844,3012447.0,5238066.0
1394,1187281.0,2973081.2
868,1686600.0,2780425.2
482,38771293.0,36996460.0
446,559782.0,1227277.5
642,7634088.0,3690489.8
792,2366628.0,2523677.0
1000,39267715.0,22557138.0
2068,145639.0,1060479.0
1779,4667835.0,716940.75
1872,2473613.0,2339960.0
2305,3573499.0,1506453.1
677,5507079.0,3250338.2
2306,3573499.0,3679707.0
1044,20775118.0,24897742.0
1459,519522.0,562021.06
1213,4424745.0,2188749.2
1697,10608685.0,7129126.5
1184,5318544.0,3659152.5
2062,196596.0,613150.5
941,524000.0,1498979.9
1104,11229792.0,3955455.5
176,7921300.0,18686938.0
2206,10159920.0,18302936.0
988,47186357.0,44842532.0
1127,9574876.0,6289406.5
1385,1672189.0,2278079.2
522,23353409.0,26301052.0
2200,10807514.0,4445681.5
2034,531538.0,1381226.9
2078,45867637.0,45039290.0
333,2346614.0,3827317.5
1829,3333703.0,2072188.5
2354,2612800.0,1409825.1
1633,19020925.0,11373569.0
1461,500654.0,5605093.0
1896,2158751.0,1378426.0
2453,1070036.0,2827523.5
2261,5678291.0,12453935.0
2436,1687706.0,1676031.9
1003,36391063.0,7249227.0
7,45640084.0,36403784.0
2009,626487.0,1147270.5
1114,10708731.0,14571970.0
2497,218120.0,4216181.0
2153,17867499.0,4267759.0
2402,1927927.0,1910878.8
574,14153581.0,4871171.5
791,2366628.0,4449764.5
2230,8129712.0,16236596.0
406,1119563.0,923997.06
1778,4699357.0,4295675.0
515,29174601.0,28723432.0
1952,1796567.0,1336364.4
911,672212.0,4108069.0
2209,9665041.0,14970460.0
1020,31559650.0,13813862.0
1863,2662929.0,7664073.5
1038,22095658.0,32757204.0
1960,1711017.0,1744169.2
2077,47922728.0,43282244.0
51,26346666.0,24305878.0
225,5000000.0,10047096.0
2547,94778.0,605484.4
510,31252978.0,30807212.0
2452,1070036.0,2648514.0
1035,22462394.0,20012990.0
2381,2242808.0,3006033.5
1110,10916370.0,4145221.8
208,5634257.0,5141731.0
21,37037037.0,39852716.0
203,5887899.0,7877467.5
1735,6770232.0,12106613.0
2121,27720358.0,16033695.0
1356,1898404.0,565960.1
2336,2949138.0,2028116.2
788,2375004.0,1412900.5
923,524000.0,1033985.4
1817,3693873.0,3671244.2
777,2544533.0,1410637.2
2012,611687.0,2174203.5
1729,7575644.0,5076602.0
675,5623372.0,5608695.0
526,22124282.0,26291006.0
1862,2662929.0,1592126.2
1054,19251074.0,12379094.0
752,2992130.0,3524548.2
74,19928571.0,3180158.5
2186,12050527.0,14463965.0
1944,1796567.0,1687870.6
1521,125403.0,529018.1
1811,3905630.0,13957931.0
591,11738486.0,13491703.0
1338,2001846.0,3876326.5
1376,1704661.0,1938844.6
1,47649433.0,46573704.0
2532,94778.0,427692.4
1783,4627463.0,9784978.0
1080,14639567.0,8026339.0
2280,4708586.0,8015392.5
443,559782.0,4318340.5
1915,1986964.0,6363497.5
338,2346614.0,3545967.0
1628,20297440.0,19618220.0
999,39673400.0,40834770.0
2362,2421832.0,1506744.5
1585,34963685.0,32450516.0
1770,4970801.0,10254730.0
1723,8284669.0,8542024.0
552,17551563.0,10854218.0
130,11055360.0,10067438.0
377,1927896.0,2682137.5
2424,1687706.0,4125836.8
280,3196448.0,3816657.5
514,29243246.0,34660860.0
1655,15149110.0,20220140.0
1931,1796567.0,885883.3
1429,615056.0,789786.44
1309,2245958.0,1580926.4
1071,15721711.0,30958054.0
939,524000.0,2321855.8
2335,2952711.0,4530819.0
749,3012466.0,4137302.2
1562,50899072.0,46182530.0
1124,9732488.0,2631396.5
2115,30782958.0,14687106.0
1886,2339840.0,2509344.8
181,7500000.0,9978025.0
55,25000000.0,21652650.0
214,5316960.0,5345431.0
1214,4423211.0,7775571.0
1812,3905630.0,10539206.0
780,2536635.0,3756355.8
2456,1070036.0,4308685.0
1567,47469914.0,43110550.0
660,6368128.0,4761068.0
1148,7547229.0,3614992.8
2427,1687706.0,5416073.5
1806,4093100.0,1982584.0
1172,5815429.0,5086821.0
1222,4112323.0,17726230.0
646,7274995.0,3877279.0
1624,21303436.0,23976584.0
347,2210040.0,3029381.2
161,8920794.0,3107722.2
541,18897184.0,19523534.0
1090,13475752.0,19054040.0
2,47607350.0,39807932.0
226,5000000.0,12126218.0
2257,5678291.0,5669871.0
1920,1969219.0,6876467.5
1166,5989223.0,8536870.0
2173,14404806.0,17194904.0
2302,3752174.0,2452920.8
2413,1857876.0,3215475.5
299,2830222.0,509870.44
58,24107143.0,4964340.0
2374,2323489.0,3067127.0
1137,8731613.0,10511643.0
247,4037277.0,2844053.2
431,559782.0,1112847.5
166,8409000.0,9975511.0
2162,15831075.0,4489214.5
605,10310097.0,10006353.0
1223,4077762.0,1955428.9
420,559782.0,437438.62
2338,2849252.0,2732368.2
784,2442593.0,1732906.6
348,2165000.0,855241.2
8,45640084.0,41320496.0
187,6802950.0,4132017.5
700,4472897.0,4609304.5
1144,7906762.0,8204030.0
478,40072573.0,39940390.0
252,3908160.0,8715580.0
2151,18283693.0,12827873.0
289,3000000.0,1992992.1
1935,1796567.0,2427366.8
2298,4023246.0,3912385.8
1899,2086311.0,3619259.8
1410,1036597.0,1068587.8
753,2992130.0,4040329.0
1029,24368652.0,33311448.0
2441,1667633.0,1571838.6
942,524000.0,1111341.9
202,6012840.0,6171066.5
1867,2556412.0,2662932.5
2434,1687706.0,4542704.5
362,2019706.0,646612.3
1592,34028421.0,21504040.0
710,4219224.0,7312938.0
111,13050000.0,9675936.0
59,23883929.0,8506006.0
1786,4580676.0,1859757.0
2252,5784067.0,2690706.2
1648,15780322.0,11411907.0
2363,2416393.0,2829532.8
1928,1917976.0,1427269.9
596,11165308.0,15707071.0
977,99379.0,425760.0
256,3845083.0,22542384.0
521,24197756.0,12408473.0
763,2891992.0,2436543.0
2417,1722066.0,1107621.8
589,11841455.0,5961796.0
1115,10668303.0,3322491.0
867,1688531.0,2183271.8
228,4798440.0,1444727.0
1250,2966564.0,6480502.5
188,6802950.0,6019236.0
1203,4612242.0,2144549.0
1790,4502303.0,2585977.8
2301,3834937.0,2946548.0
2020,531538.0,546363.5
302,2733720.0,920791.4
1554,59715.0,538551.2
2320,3075782.0,3926122.8
1997,773934.0,772455.0
1858,2745828.0,8736773.0
1361,1874452.0,4004678.8
76,19279841.0,14669789.0
2082,41035648.0,27492514.0
2538,94778.0,824008.0
448,559782.0,687605.1
1284,2515271.0,2358626.0
1466,433612.0,4598434.0
1188,5221854.0,2573813.0
1010,35004763.0,35588850.0
359,2066585.0,431760.06
621,9189999.0,8113054.0
450,559782.0,550938.94
346,2226240.0,2222150.2
37,32600060.0,29980472.0
298,2831160.0,3590632.2
454,559782.0,656026.75
100,15435000.0,25424728.0
330,2400000.0,5047457.0
922,524000.0,1262432.1
455,559782.0,571814.3
890,1235630.0,1499389.5
48,27586207.0,27883838.0
109,13750000.0,7824861.0
1001,37871580.0,37428164.0
858,1835550.0,3273054.2
1040,21728422.0,9792474.0
2099,32824930.0,26078536.0
196,6300000.0,4881231.0
1520,131373.0,618914.2
2410,1891847.0,3595905.5
1169,5905450.0,11645642.0
1599,32576837.0,32411218.0
354,2144320.0,5283591.0
119,12160632.0,8682889.0
1557,59715.0,264697.9
1226,3930427.0,5568233.5
1458,519522.0,1663482.6
539,19354391.0,15077596.0
328,2413356.0,775531.0
414,559782.0,551347.94
559,16475068.0,4258520.5
936,524000.0,2023533.9
1873,2441941.0,4136319.2
349,2165000.0,1008642.5
102,15277778.0,5788934.0
2038,531538.0,1550442.5
2487,417133.0,3917919.0
2141,20249833.0,4250238.0
1254,2966564.0,13501331.0
415,559782.0,387856.38
1326,2009297.0,2214157.8
396,1708143.0,654724.44
336,2346614.0,5783714.5
767,2798075.0,1765831.6
2241,6811090.0,8045053.0
1424,695683.0,907417.5
807,2209430.0,2398250.5
2095,34475733.0,30845896.0
663,6178150.0,4762917.0
373,1930681.0,1333212.1
2100,32762598.0,26982804.0
1165,6006008.0,2746824.5
951,316207.0,11276625.0
1888,2325341.0,3687328.0
2391,2052439.0,3609214.8
1211,4491917.0,6461943.5
1074,15347384.0,13239833.0
1690,10957067.0,7948877.0
1695,10849130.0,10383389.0
971,116472.0,375871.28
1093,12703270.0,5962234.5
1635,18244890.0,8806835.0
1730,7310129.0,1504202.4
387,1801769.0,1394231.2
374,1928221.0,3375469.5
1426,644114.0,2885609.2
2255,5678291.0,10879408.0
1514,170491.0,887353.2
527,21880950.0,34587596.0
1154,6854980.0,3785051.5
546,17916636.0,3756245.0
725,3720976.0,6097443.0
2130,22891721.0,26209982.0
888,1504436.0,2199846.2
2511,94778.0,1253213.8
586,12558217.0,9214934.0
684,5213864.0,4272875.0
545,18459108.0,23749178.0
2067,145639.0,1040929.75
2294,4147624.0,3729764.2
973,108655.0,447711.78
2548,94778.0,1936764.9
1181,5513828.0,8078612.0
1098,11661579.0,22561780.0
699,4491762.0,2164346.8
273,3196448.0,3303880.0
1143,8175738.0,6533869.0
2397,1959894.0,6341169.5
2334,2977916.0,3479483.5
1139,8443140.0,6914397.5
2090,38726761.0,18359020.0
1752,5917621.0,9768866.0
952,268023.0,1816373.4
1344,2001846.0,1602482.2
1196,4910833.0,3087595.5
1475,343362.0,1376388.6
123,11750000.0,8184125.5
1189,5198978.0,2349308.8
1545,59715.0,380471.5
401,1119563.0,715739.25
930,524000.0,1755712.0
2170,14889583.0,16903456.0
38,32459438.0,14520156.0
13,40806300.0,28919504.0
2542,94778.0,1263443.4
1094,12475544.0,6510803.0
1453,519522.0,1436685.9
1244,3171653.0,6073160.5
1591,34741350.0,32727560.0
918,524000.0,1455442.6
1618,22457372.0,18458752.0
1771,4970801.0,10973924.0
2231,7784070.0,10993579.0
1645,16030835.0,16613846.0
800,2275660.0,1644484.8
1360,1874452.0,3131268.0
1596,33717705.0,9551740.0
427,559782.0,457982.84
385,1836096.0,1406487.2
163,8809284.0,1471915.8
2440,1667633.0,2327860.0
2207,9715750.0,3315302.0
2290,4216729.0,6270737.0
2154,17431707.0,9672392.0
2504,154337.0,1612907.0
1373,1704661.0,2419167.2
1380,1704661.0,1358042.8
2392,2027944.0,3200209.0
1933,1796567.0,2212149.5
508,31252978.0,30838060.0
1989,949401.0,651944.75
1865,2573358.0,5878840.5
132,11000000.0,7668779.0
1629,20119912.0,12704383.0
1820,3602837.0,4851953.5
1067,17326313.0,19809582.0
2382,2242808.0,6062424.0
1870,2491933.0,3708021.5
1489,262746.0,823995.1
1433,573738.0,935092.5
169,8008680.0,10623390.0
2519,94778.0,2002850.2
2331,3055048.0,7414900.5
2404,1927927.0,9773439.0
118,12195122.0,12955170.0
1801,4192113.0,2433943.5
1103,11229793.0,10924586.0
1640,17615244.0,14329496.0
64,22321429.0,16175711.0
1285,2514961.0,4910378.0
937,524000.0,1400511.2
795,2310742.0,4174813.2
1318,2145856.0,4069959.8
164,8800000.0,6322966.5
612,9722185.0,4616347.0
674,5672160.0,2800355.5
1187,5244493.0,4948203.0
1898,2106853.0,1069341.2
137,10880364.0,7098633.0
617,9395937.0,9712794.0
128,11571429.0,3644860.0
1985,1063171.0,1673610.9
892,1149251.0,2212287.2
2264,5323514.0,5937895.0
2116,30488744.0,16415678.0
2383,2242808.0,7508637.0
1472,355306.0,546162.1
1357,1874452.0,2313267.0
1687,11125127.0,1096987.4
1450,519522.0,1535067.4
863,1804676.0,1058354.9
263,3527160.0,2878645.0
631,8546441.0,5595184.5
2003,701081.0,1810283.8
775,2650179.0,2451267.0
189,6718842.0,6691344.0
761,2992130.0,2530280.5
314,2581522.0,894293.6
2508,97292.0,861410.94
1335,2001846.0,1227488.5
2273,4886837.0,6489671.0
901,1029692.0,13808129.0
615,9514352.0,3071881.0
1219,4231770.0,2821859.2
1060,17967669.0,5780564.5
194,6341464.0,3847664.0
69,20616000.0,16803066.0
1247,3044711.0,3775942.5
2192,11592905.0,6527884.0
1570,40834109.0,27375564.0
1934,1796567.0,2331940.2
629,8748933.0,6446832.5
2256,5678291.0,6270717.5
35,32600060.0,36052860.0
1321,2099339.0,584040.94
85,18154000.0,10374382.0
1086,13700348.0,15672422.0
