,Player,Team,Age,GP,W,L,Min,PTS,FGM,FGA,FG%,3PM,3PA,3P%,FTM,FTA,FT%,OREB,DREB,REB,AST,TOV,STL,BLK,PF,FP,DD2,TD3,+/-
0,Joel Embiid,PHI,29,16,12,4,34.5,32.0,10.3,20.7,49.8,1.1,3.4,31.5,10.3,11.8,87.8,3.3,8.0,11.3,6.6,3.7,1.0,1.9,3.0,60.4,12.0,1.0,6.1
1,Luka Doncic,DAL,24,18,11,7,35.8,31.4,10.8,22.0,49.0,3.8,9.9,38.8,6.0,7.9,76.1,0.7,7.7,8.4,8.4,3.8,1.3,0.5,1.8,55.8,10.0,3.0,0.6
2,Kevin Durant,PHX,35,18,10,8,36.6,31.0,10.6,20.6,51.2,2.2,4.5,49.4,7.7,8.6,89.6,0.3,6.2,6.4,5.8,3.6,0.8,1.2,1.8,49.8,4.0,0.0,4.3
3,De'Aaron Fox,SAC,25,13,9,4,36.3,30.3,10.8,22.2,48.6,3.1,8.3,37.0,5.7,7.8,73.3,1.0,3.7,4.7,6.6,2.0,1.6,0.4,2.8,49.9,2.0,0.0,4.2
4,Giannis Antetokounmpo,MIL,28,19,13,6,34.3,29.9,11.5,19.0,60.7,0.4,1.8,22.9,6.5,9.9,65.4,2.8,8.0,10.8,4.9,4.2,1.4,1.4,3.1,54.4,13.0,1.0,3.0
5,Shai Gilgeous-Alexander,OKC,25,18,13,5,34.5,29.9,10.9,20.2,53.8,1.3,3.5,36.5,6.8,7.3,93.9,0.8,4.9,5.7,6.3,2.2,2.4,0.9,2.4,54.0,3.0,0.0,9.1
6,Stephen Curry,GSW,35,18,9,9,33.4,29.1,8.9,18.8,47.6,5.1,11.7,43.1,6.1,6.6,93.2,0.8,4.2,5.0,4.7,3.6,0.7,0.2,1.8,41.3,2.0,0.0,-0.6
7,Nikola Jokic,DEN,28,20,13,7,34.0,29.0,11.4,20.0,56.8,1.3,4.2,30.1,5.0,6.4,78.1,3.3,9.5,12.8,9.8,2.9,1.2,0.8,2.6,62.1,19.0,8.0,7.9
8,Devin Booker,PHX,27,11,9,2,34.2,27.9,9.1,19.3,47.2,2.1,5.3,39.7,7.6,8.2,93.3,1.0,4.8,5.8,8.4,2.9,0.7,0.5,2.9,48.1,5.0,0.0,8.4
9,Jayson Tatum,BOS,25,19,15,4,36.5,27.4,9.5,19.1,49.9,3.1,8.6,36.2,5.2,6.5,80.5,0.7,8.0,8.7,4.1,3.4,1.1,0.4,2.2,44.9,7.0,0.0,8.5
10,Donovan Mitchell,CLE,27,15,8,7,35.5,27.1,9.4,21.0,44.8,2.9,8.3,34.4,5.5,6.0,91.1,1.1,4.3,5.3,5.2,2.5,2.1,0.5,1.9,46.4,1.0,0.0,4.4
11,Trae Young,ATL,25,18,8,10,36.0,27.1,8.1,19.8,40.9,3.1,8.7,35.3,7.8,9.0,86.4,0.7,2.2,2.9,10.7,3.8,1.6,0.0,1.5,47.6,12.0,0.0,0.2
12,Tyrese Haliburton,IND,23,16,9,7,33.9,27.0,9.3,17.8,51.9,3.9,8.8,44.7,4.6,5.2,88.0,0.4,3.2,3.6,11.8,2.5,1.1,0.7,1.1,51.8,13.0,0.0,4.4
13,Tyrese Maxey,PHI,23,18,12,6,38.4,27.0,9.4,20.2,46.4,3.3,8.3,39.6,4.9,5.5,89.9,0.7,3.9,4.6,6.7,1.6,0.8,0.7,1.9,45.5,5.0,0.0,6.6
14,Anthony Edwards,MIN,22,17,13,4,35.1,26.2,9.2,19.9,46.4,2.5,6.7,37.7,5.2,6.1,86.4,0.8,5.1,5.9,5.0,3.2,1.3,0.5,1.9,42.9,2.0,0.0,8.9
15,Cam Thomas,BKN,22,10,5,5,32.2,26.1,9.7,20.9,46.4,2.3,6.7,34.3,4.4,5.2,84.6,0.2,3.7,3.9,2.3,1.3,0.7,0.6,1.9,36.8,0.0,0.0,0.8
16,Damian Lillard,MIL,33,18,14,4,35.0,25.5,7.3,17.1,42.9,2.8,8.4,33.6,8.0,8.7,92.3,0.7,3.8,4.6,6.9,2.8,1.1,0.1,1.4,42.1,4.0,0.0,2.3
17,Jalen Brunson,NYK,27,19,12,7,35.6,24.9,8.9,19.1,46.7,3.3,7.0,47.4,3.8,4.6,83.0,0.7,3.1,3.7,5.5,1.9,1.0,0.1,2.2,38.9,0.0,0.0,5.3
18,LaMelo Ball,CHA,22,15,5,10,33.4,24.7,8.8,19.9,44.3,3.5,8.9,38.8,3.6,4.2,85.7,1.5,3.9,5.5,8.2,3.9,1.4,0.3,3.5,44.6,5.0,1.0,-6.2
19,LeBron James,LAL,38,20,11,9,33.5,24.4,9.2,16.6,55.1,2.2,5.8,38.3,3.9,5.7,69.0,0.8,6.8,7.6,6.4,3.7,1.4,0.8,1.1,45.7,5.0,1.0,4.2
20,Desmond Bane,MEM,25,19,5,14,34.0,23.8,8.6,19.1,45.3,3.3,8.8,36.9,3.3,3.8,84.9,0.9,3.5,4.4,5.2,2.7,1.4,0.7,3.1,40.3,0.0,0.0,-3.7
21,Lauri Markkanen,UTA,26,15,4,11,34.1,23.7,8.1,16.8,48.4,3.3,8.5,38.3,4.2,5.0,84.0,2.4,6.3,8.7,1.1,1.3,1.1,0.9,2.3,40.4,5.0,0.0,-2.7
22,Kyrie Irving,DAL,31,15,8,7,33.3,23.6,8.7,19.2,45.5,2.6,7.0,37.1,3.5,3.9,89.8,0.7,3.5,4.1,5.5,1.5,1.1,0.3,1.9,39.5,2.0,0.0,0.9
23,Kyle Kuzma,WAS,28,19,3,16,31.3,23.6,9.2,19.3,47.4,2.3,6.5,35.8,2.9,3.6,82.4,0.9,5.1,6.1,4.6,2.5,0.3,0.6,2.0,38.2,4.0,0.0,-8.8
24,Paul George,LAC,33,19,9,10,35.6,23.5,8.1,18.2,44.3,3.2,8.4,38.1,4.2,4.5,92.9,0.6,5.2,5.8,4.3,2.4,1.6,0.2,3.0,39.8,1.0,0.0,5.6
25,Zion Williamson,NOP,23,17,10,7,31.4,23.5,9.2,16.2,56.7,0.1,0.2,50.0,5.0,7.5,66.4,2.0,3.8,5.8,4.9,2.6,1.0,0.3,2.5,38.9,2.0,0.0,1.5
26,Brandon Ingram,NOP,26,18,9,9,34.0,23.4,9.2,18.5,49.8,1.2,4.2,28.9,3.7,4.8,77.9,0.5,4.7,5.2,5.3,2.6,0.8,0.2,2.1,37.7,0.0,0.0,1.2
27,Tyler Herro,MIA,23,8,4,4,34.0,22.9,8.5,19.0,44.7,3.1,7.6,41.0,2.8,3.1,88.0,0.4,4.6,5.0,4.6,2.5,1.4,0.0,1.6,37.4,1.0,0.0,-1.4
28,Anthony Davis,LAL,30,20,12,8,35.1,22.9,8.6,15.8,54.6,0.2,0.6,27.3,5.5,6.6,84.0,3.3,9.2,12.5,3.3,2.1,1.1,2.8,2.9,52.1,17.0,0.0,1.1
29,Mikal Bridges,BKN,27,19,10,9,35.0,22.8,8.3,17.2,48.0,2.1,5.9,35.7,4.2,4.9,85.1,1.2,5.1,6.2,3.9,2.5,1.1,0.5,1.8,38.3,3.0,0.0,1.4
30,Terry Rozier,CHA,29,9,3,6,36.0,22.6,8.6,18.4,46.4,2.2,6.0,37.0,3.2,4.0,80.6,0.6,3.1,3.7,6.6,2.6,1.0,0.3,1.4,38.2,1.0,0.0,-3.9
31,Jimmy Butler,MIA,34,16,10,6,33.8,22.4,6.9,14.8,46.8,1.1,2.7,39.5,7.5,8.4,88.9,2.1,3.3,5.4,4.0,1.8,1.2,0.5,0.8,38.2,2.0,0.0,3.6
32,Cade Cunningham,DET,22,20,2,18,35.1,22.4,8.3,19.9,41.6,2.1,6.0,35.0,3.8,4.2,89.3,0.5,3.4,3.9,7.3,4.4,0.9,0.2,2.8,36.8,3.0,0.0,-6.7
33,Bam Adebayo,MIA,26,16,10,6,33.5,22.3,8.3,15.8,52.2,0.1,0.2,33.3,5.7,7.0,81.3,2.1,7.9,9.9,3.9,2.4,1.2,1.0,2.4,44.1,10.0,1.0,-0.9
34,Karl-Anthony Towns,MIN,28,19,15,4,33.5,22.2,8.1,16.1,50.3,2.2,5.2,41.8,3.8,4.2,91.1,1.1,7.9,9.0,3.1,2.9,0.9,0.7,3.4,39.7,10.0,0.0,6.8
35,Jerami Grant,POR,29,19,6,13,35.0,22.1,7.3,16.7,43.7,2.6,6.3,41.2,4.9,5.9,83.0,0.7,3.2,3.8,2.2,2.5,0.8,0.9,2.2,32.8,0.0,0.0,-4.5
36,Bojan Bogdanovic,DET,34,1,0,1,27.5,22.0,7.0,15.0,46.7,3.0,10.0,30.0,5.0,6.0,83.3,1.0,1.0,2.0,2.0,1.0,1.0,0.0,1.0,29.4,0.0,0.0,-9.0
37,Kawhi Leonard,LAC,32,19,9,10,34.4,21.8,8.2,17.1,47.8,2.2,5.5,39.4,3.3,4.0,82.9,0.9,5.1,6.0,3.4,1.5,1.6,0.7,1.6,39.5,0.0,0.0,5.9
38,Jaylen Brown,BOS,27,18,14,4,34.5,21.8,8.3,18.4,44.9,2.4,7.0,34.1,2.8,4.0,70.8,0.6,4.4,4.9,3.4,2.4,1.2,0.6,2.8,35.9,0.0,0.0,5.6
39,DeMar DeRozan,CHI,34,19,6,13,35.4,21.5,7.6,16.7,45.6,0.9,2.5,37.5,5.3,6.5,81.3,0.9,2.4,3.3,4.9,1.2,0.9,0.8,2.1,36.8,1.0,0.0,-8.4
40,CJ McCollum,NOP,32,8,6,2,34.0,21.1,7.4,16.8,44.0,2.9,8.3,34.8,3.5,4.5,77.8,0.9,3.6,4.5,5.9,1.4,1.6,0.9,2.3,41.5,1.0,0.0,1.6
41,Alperen Sengun,HOU,21,17,8,9,32.7,21.0,8.6,16.0,54.0,0.9,2.8,31.9,2.8,4.2,67.6,2.6,6.5,9.2,5.5,2.5,0.9,0.8,3.1,42.9,6.0,0.0,3.9
42,Zach LaVine,CHI,28,18,5,13,35.3,21.0,7.3,16.6,44.3,2.4,7.1,33.6,3.9,4.6,86.6,0.3,4.6,4.9,3.4,2.0,0.9,0.2,2.1,33.5,0.0,0.0,-5.4
43,Franz Wagner,ORL,22,20,14,6,32.9,20.7,7.7,16.4,46.6,1.7,5.1,32.7,3.8,4.5,84.3,1.2,4.6,5.8,3.5,1.8,1.1,0.4,2.2,35.5,0.0,0.0,1.8
44,Miles Bridges,CHA,25,8,3,5,36.3,20.5,7.4,14.8,50.0,2.0,4.5,44.4,3.8,4.5,83.3,0.9,6.1,7.0,2.8,1.6,1.3,0.4,2.1,36.3,3.0,0.0,-5.8
45,Julius Randle,NYK,29,19,12,7,35.0,20.4,7.2,17.4,41.2,1.6,5.8,27.9,4.5,6.4,70.2,2.1,8.1,10.2,5.5,3.2,0.7,0.2,2.6,40.4,12.0,0.0,4.3
46,Dejounte Murray,ATL,27,19,9,10,34.1,20.4,7.7,16.8,45.8,2.3,5.9,39.3,2.7,3.1,86.4,0.7,3.4,4.1,5.1,2.4,1.8,0.3,1.4,36.7,2.0,0.0,0.1
47,Pascal Siakam,TOR,29,20,9,11,34.3,20.0,7.7,16.2,47.7,0.8,4.1,19.8,3.8,5.1,74.5,1.7,5.5,7.2,5.0,2.7,0.8,0.2,2.3,36.2,4.0,0.0,1.9
48,Scottie Barnes,TOR,22,20,9,11,34.8,19.6,7.3,15.7,46.6,2.0,5.1,38.2,3.1,4.0,77.2,2.7,6.4,9.1,5.5,2.3,1.8,1.3,2.1,45.6,8.0,1.0,-1.6
49,Jaren Jackson Jr.,MEM,24,19,5,14,30.8,19.6,6.6,15.5,42.4,1.4,4.8,28.3,5.1,6.1,82.8,1.8,4.4,6.2,1.9,1.9,0.6,1.8,3.5,35.0,1.0,0.0,-4.9
50,Paolo Banchero,ORL,21,20,14,6,33.4,19.5,7.1,14.7,48.1,1.4,3.1,44.3,4.1,6.1,66.9,1.4,5.5,6.9,4.9,3.1,1.1,0.6,2.3,36.7,4.0,0.0,0.9
51,Victor Wembanyama,SAS,19,18,3,15,30.0,19.3,7.2,16.4,43.7,1.4,5.3,27.1,3.5,4.2,82.9,2.1,7.6,9.7,2.6,3.5,1.3,2.7,2.6,43.4,8.0,0.0,-6.9
52,Darius Garland,CLE,23,15,9,6,33.4,19.3,7.0,15.1,46.3,1.6,4.8,33.3,3.7,4.5,82.1,0.5,2.1,2.7,5.9,4.3,1.5,0.3,1.5,32.4,0.0,0.0,2.6
53,Jalen Green,HOU,21,17,8,9,31.9,19.0,6.4,15.1,42.0,2.2,6.2,34.9,4.1,5.2,78.7,0.4,4.2,4.6,3.3,2.5,0.6,0.4,1.5,30.0,0.0,0.0,2.1
54,Kristaps Porzingis,BOS,28,15,11,4,30.2,18.9,6.5,11.9,54.7,1.6,4.9,32.4,4.3,5.3,80.0,1.5,5.2,6.7,1.9,1.3,0.7,1.7,3.4,35.5,1.0,0.0,6.9
55,Domantas Sabonis,SAC,27,18,11,7,35.1,18.6,7.1,12.4,57.1,0.6,1.3,41.7,3.8,5.9,65.1,3.3,8.5,11.8,6.9,3.1,0.8,0.8,3.6,45.2,14.0,1.0,-3.3
56,RJ Barrett,NYK,23,14,10,4,29.3,18.6,6.3,14.9,42.1,2.0,5.1,38.9,4.0,4.8,83.6,0.5,3.1,3.6,2.7,2.0,0.5,0.2,1.6,27.2,0.0,0.0,5.2
57,Devin Vassell,SAS,23,14,3,11,28.1,18.3,6.6,13.3,49.5,2.7,6.6,40.9,2.4,3.1,79.1,0.4,2.8,3.2,2.7,1.5,1.0,0.1,1.1,27.9,0.0,0.0,-5.4
58,Malcolm Brogdon,POR,30,14,6,8,29.2,18.2,6.5,15.6,41.7,2.1,5.6,38.5,3.1,3.9,79.6,1.1,3.1,4.2,6.4,1.9,0.9,0.2,1.3,34.4,3.0,0.0,-0.4
59,Anfernee Simons,POR,24,1,0,1,27.4,18.0,6.0,14.0,42.9,2.0,6.0,33.3,4.0,4.0,100,1.0,1.0,2.0,4.0,0.0,2.0,0.0,2.0,32.4,0.0,0.0,-27.0
60,Tobias Harris,PHI,31,19,12,7,35.2,18.0,6.8,13.3,51.6,1.1,3.3,32.3,3.3,3.7,88.6,0.9,5.2,6.1,2.7,1.9,0.9,0.3,1.6,31.1,2.0,0.0,3.4
61,Trey Murphy III,NOP,23,1,1,0,22.2,18.0,7.0,13.0,53.8,4.0,10.0,40.0,0.0,0.0,0.0,1.0,2.0,3.0,1.0,0.0,1.0,1.0,0.0,29.1,0.0,0.0,9.0
62,Jordan Clarkson,UTA,31,17,5,12,31.5,17.8,6.5,15.6,41.4,1.8,5.8,31.6,3.0,3.6,83.6,1.2,2.1,3.3,4.9,3.2,0.8,0.1,1.4,28.8,1.0,0.0,-5.5
63,Shaedon Sharpe,POR,20,19,6,13,37.0,17.7,6.2,14.9,41.3,1.9,5.7,33.9,3.4,4.1,84.4,1.5,4.1,5.6,3.4,3.1,1.1,0.4,3.1,31.0,1.0,0.0,-6.2
64,Jalen Williams,OKC,22,16,11,5,32.7,17.6,6.5,12.9,50.5,1.1,3.1,36.0,3.5,4.0,87.5,0.3,3.8,4.1,3.9,1.9,0.8,0.3,3.1,29.7,0.0,0.0,1.8
65,Chet Holmgren,OKC,21,19,13,6,30.0,17.6,6.3,11.8,53.1,1.7,4.3,39.5,3.4,3.9,86.5,1.7,6.3,8.0,2.6,1.9,0.9,2.2,2.8,38.7,7.0,0.0,5.8
66,Michael Porter Jr.,DEN,25,21,14,7,31.5,17.4,6.7,14.1,47.6,2.9,7.6,38.1,1.1,1.5,74.2,1.7,6.4,8.0,1.8,1.2,0.5,0.8,2.3,32.5,6.0,0.0,4.1
67,Bradley Beal,PHX,30,3,1,2,28.5,17.3,6.0,15.3,39.1,1.7,5.0,33.3,3.7,5.3,68.8,1.0,4.3,5.3,3.7,3.0,0.7,0.3,3.0,29.2,0.0,0.0,-5.3
68,Jordan Poole,WAS,24,18,3,15,29.4,17.2,6.0,15.3,39.1,1.9,6.6,28.6,3.3,3.8,85.5,0.5,2.3,2.8,3.5,2.8,1.2,0.4,3.2,27.6,0.0,0.0,-11.2
69,D'Angelo Russell,LAL,27,21,12,9,30.9,17.1,6.4,13.2,48.7,2.2,5.5,40.9,2.0,2.6,78.2,0.4,3.0,3.4,6.6,1.8,0.8,0.6,2.0,33.4,2.0,0.0,2.2
70,Tim Hardaway Jr.,DAL,31,17,11,6,27.5,16.8,5.7,13.6,42.0,3.4,8.9,38.4,1.9,2.2,89.2,0.4,3.0,3.4,1.6,0.8,0.2,0.0,0.9,23.1,0.0,0.0,0.8
71,Myles Turner,IND,27,18,10,8,26.8,16.6,6.1,11.8,51.2,1.4,4.2,32.9,3.1,4.0,77.8,1.8,5.9,7.8,1.4,1.5,0.6,2.1,3.5,34.7,5.0,0.0,3.2
72,Keldon Johnson,SAS,24,18,3,15,32.8,16.6,6.2,13.2,47.3,1.9,5.4,35.7,2.2,3.0,72.2,1.2,5.3,6.5,4.1,1.3,0.8,0.3,2.5,32.4,4.0,0.0,-7.2
73,Fred VanVleet,HOU,29,16,8,8,37.7,16.5,5.6,14.2,39.2,3.1,8.1,37.7,2.3,2.6,90.2,0.3,3.9,4.2,9.1,1.6,0.7,0.4,1.8,36.9,8.0,0.0,3.6
74,Jamal Murray,DEN,26,8,7,1,29.8,16.3,5.8,13.9,41.4,2.1,5.0,42.5,2.6,3.0,87.5,0.4,2.6,3.0,7.3,2.0,0.3,0.6,1.9,31.4,2.0,0.0,3.1
75,Kelly Oubre Jr.,PHI,27,8,7,1,29.0,16.3,5.9,11.8,50.0,1.8,4.6,37.8,2.8,3.5,78.6,1.4,3.8,5.1,0.6,0.9,1.4,0.4,2.4,27.7,0.0,0.0,4.8
76,Evan Mobley,CLE,22,20,11,9,33.4,16.0,6.7,11.9,56.5,0.1,0.5,20.0,2.5,3.3,76.9,2.8,8.0,10.8,3.0,2.2,0.8,1.7,2.8,38.6,12.0,0.0,1.0
77,Dennis Schroder,TOR,30,20,9,11,31.6,15.9,5.7,13.0,43.5,1.8,5.1,35.3,2.8,3.2,85.9,0.5,2.5,3.0,7.0,1.8,0.9,0.1,2.0,31.2,4.0,0.0,-0.1
78,Bogdan Bogdanovic,ATL,31,19,9,10,26.5,15.7,5.7,12.7,45.2,3.1,7.8,38.9,1.2,1.3,92.0,0.4,2.7,3.1,2.3,1.3,1.5,0.4,2.4,27.1,0.0,0.0,3.3
79,Klay Thompson,GSW,33,19,8,11,29.9,15.7,5.4,13.4,40.6,2.8,7.7,36.1,2.1,2.4,87.0,0.6,3.2,3.8,2.3,2.0,0.4,0.6,2.3,24.7,0.0,0.0,-1.2
80,James Harden,LAC,34,14,6,8,33.7,15.7,4.8,10.4,46.2,2.4,6.1,40.0,3.7,4.4,85.2,0.4,4.1,4.4,6.4,2.1,1.6,0.4,2.1,34.5,1.0,0.0,-0.1
81,Nikola Vucevic,CHI,33,21,7,14,34.3,15.6,6.7,14.7,45.3,0.9,3.5,24.3,1.4,1.7,83.3,2.5,7.5,10.0,3.2,1.8,0.9,0.7,2.9,35.3,9.0,0.0,-5.0
82,Immanuel Quickley,NYK,24,19,12,7,24.4,15.4,5.3,12.1,43.7,2.1,5.6,36.8,2.8,3.2,88.3,0.2,2.9,3.1,2.8,1.2,0.5,0.1,1.6,23.9,0.0,0.0,4.1
83,Cole Anthony,ORL,23,20,14,6,25.8,15.2,4.9,11.1,44.3,1.5,3.9,37.2,4.0,4.7,84.9,1.1,3.5,4.6,3.6,2.1,0.8,0.5,3.0,27.7,1.0,0.0,0.4
84,Cameron Johnson,BKN,27,12,6,6,29.2,15.1,5.5,12.1,45.5,2.4,6.4,37.7,1.7,2.0,83.3,2.0,3.9,5.9,2.9,1.4,0.8,0.1,1.8,27.9,1.0,0.0,4.8
85,Coby White,CHI,23,21,7,14,33.2,15.0,5.3,12.4,42.7,2.9,7.1,40.3,1.6,1.9,84.6,0.4,2.8,3.1,4.2,1.9,0.9,0.3,2.9,26.8,0.0,0.0,-2.3
86,Caris LeVert,CLE,29,16,8,8,30.4,14.9,5.4,13.3,40.8,1.7,5.4,31.0,2.3,3.1,74.0,0.4,3.3,3.7,3.6,1.4,1.0,0.4,1.8,27.4,0.0,0.0,0.5
87,Eric Gordon,PHX,34,18,11,7,31.6,14.7,5.6,11.9,47.2,2.9,7.0,41.3,0.6,0.8,78.6,0.4,1.8,2.2,2.9,1.5,1.0,0.6,1.5,24.9,0.0,0.0,1.8
88,Spencer Dinwiddie,BKN,30,18,9,9,31.4,14.7,4.6,11.3,40.9,2.3,6.6,35.3,3.2,3.9,80.3,0.5,3.5,4.0,6.3,1.7,0.6,0.1,1.6,29.4,2.0,0.0,6.0
89,Duncan Robinson,MIA,29,18,11,7,29.5,14.7,5.2,10.7,49.0,3.1,6.8,44.7,1.2,1.4,84.0,0.3,2.3,2.6,2.7,1.0,0.3,0.2,2.6,22.3,0.0,0.0,1.5
90,Lonnie Walker IV,BKN,24,17,9,8,21.3,14.6,5.2,10.6,48.9,2.6,5.6,46.3,1.7,2.2,76.3,0.2,2.5,2.6,1.6,1.5,0.6,0.4,0.9,21.8,0.0,0.0,3.1
91,OG Anunoby,TOR,26,16,8,8,31.8,14.6,5.5,11.9,46.3,2.5,6.3,40.0,1.1,1.8,58.6,1.1,3.1,4.1,2.1,1.8,1.1,0.8,2.4,26.6,0.0,0.0,2.7
92,Malik Monk,SAC,25,18,11,7,24.5,14.4,4.6,10.8,42.1,2.5,6.1,41.3,2.8,3.2,89.5,0.6,2.3,2.9,4.6,2.2,0.7,0.5,1.7,26.2,1.0,0.0,1.8
93,P.J. Washington,CHA,25,17,5,12,31.6,14.4,5.5,12.6,43.5,2.0,6.1,32.7,1.5,2.1,71.4,1.2,4.2,5.4,2.4,1.5,0.6,0.9,2.7,27.7,2.0,0.0,-7.1
94,John Collins,UTA,26,20,7,13,31.2,14.4,5.5,11.4,47.8,1.5,3.7,40.5,2.0,2.8,72.7,2.7,5.7,8.4,0.9,1.4,0.6,0.9,3.0,28.8,8.0,0.0,-6.5
95,Brandon Miller,CHA,21,16,5,11,31.1,14.4,5.5,12.0,45.8,1.7,4.4,38.0,1.7,2.1,79.4,1.3,2.8,4.1,2.0,1.3,0.6,0.5,3.0,24.4,0.0,0.0,-4.1
96,Max Strus,CLE,27,20,11,9,35.3,14.4,5.3,12.0,43.9,2.9,7.7,37.9,1.0,1.2,82.6,0.7,4.8,5.5,4.0,1.6,1.0,0.7,2.7,30.3,3.0,0.0,3.3
97,De'Andre Hunter,ATL,26,19,9,10,30.0,14.3,4.7,10.5,45.0,1.7,4.8,35.9,3.1,3.5,89.4,0.7,3.4,4.1,1.3,1.5,0.9,0.4,3.3,23.6,1.0,0.0,-1.1
98,Derrick White,BOS,29,16,14,2,32.2,14.3,4.5,9.6,46.8,2.2,5.4,40.7,3.1,3.6,86.2,0.7,3.2,3.9,5.1,1.8,1.1,0.8,2.3,30.5,1.0,0.0,10.4
99,Jalen Johnson,ATL,21,15,8,7,29.9,14.1,5.7,9.5,59.4,1.1,2.7,42.5,1.7,2.2,75.8,1.3,5.9,7.3,2.4,2.0,1.1,1.0,2.2,30.9,3.0,0.0,2.7
100,Gordon Hayward,CHA,33,17,6,11,32.3,14.0,5.4,12.4,43.3,0.9,2.5,34.9,2.4,3.2,74.5,1.1,4.0,5.1,4.6,1.8,1.2,0.5,1.8,30.1,0.0,0.0,-5.5
101,Jonas Valanciunas,NOP,31,21,11,10,26.7,14.0,5.5,9.7,56.4,0.7,1.9,37.5,2.3,2.9,80.3,2.3,6.7,9.0,2.4,1.2,0.4,1.3,3.1,32.3,9.0,0.0,2.9
102,Santi Aldama,MEM,22,13,5,8,27.2,13.9,5.5,12.2,45.3,1.8,5.7,31.1,1.1,1.8,60.9,1.5,4.8,6.3,1.9,1.2,0.8,0.7,1.8,27.5,3.0,0.0,-0.4
103,Zach Collins,SAS,26,19,3,16,29.1,13.8,5.2,10.5,49.2,1.1,4.1,27.3,2.4,3.0,80.7,1.9,4.1,6.0,3.9,2.8,0.7,0.7,3.5,28.5,1.0,0.0,-6.7
104,Jarrett Allen,CLE,25,15,9,6,29.4,13.8,5.5,8.0,69.2,0.0,0.0,0.0,2.7,3.7,74.5,3.2,4.9,8.1,2.3,1.7,0.5,1.1,2.7,30.2,4.0,0.0,0.7
105,Austin Reaves,LAL,25,21,12,9,29.5,13.7,4.8,10.2,46.5,1.2,4.0,31.3,3.0,3.5,84.9,0.9,3.8,4.7,4.7,2.4,1.0,0.1,1.5,27.4,3.0,0.0,-2.5
106,Reggie Jackson,DEN,33,21,14,7,26.9,13.6,5.5,10.9,50.9,1.7,4.1,40.7,0.9,1.3,64.3,0.4,2.0,2.4,4.5,1.7,0.8,0.3,2.0,24.7,1.0,0.0,1.9
107,Brook Lopez,MIL,35,20,14,6,29.8,13.5,5.1,10.0,50.8,1.9,5.1,36.3,1.5,1.9,81.1,1.4,3.6,4.9,1.4,1.0,0.8,2.8,2.4,31.1,0.0,0.0,1.2
108,Aaron Gordon,DEN,28,17,10,7,33.8,13.4,5.6,11.4,49.5,0.5,2.3,23.1,1.5,2.9,52.0,2.7,4.5,7.2,3.8,1.8,1.1,0.9,1.9,31.7,4.0,0.0,4.4
109,Jabari Smith Jr.,HOU,20,17,8,9,30.2,13.3,5.3,10.5,50.6,1.7,4.8,35.8,1.0,1.4,73.9,1.5,6.4,7.8,1.5,1.3,0.6,0.8,3.4,28.0,2.0,0.0,-0.8
110,Rudy Gobert,MIN,31,19,15,4,32.7,13.3,4.9,8.2,60.3,0.0,0.0,0.0,3.4,5.5,61.5,3.6,8.0,11.6,1.1,1.6,0.6,2.4,2.8,36.1,14.0,0.0,5.3
111,Dillon Brooks,HOU,27,17,8,9,30.7,13.2,4.8,9.9,47.9,1.8,4.0,44.1,1.9,2.4,82.5,0.7,2.6,3.4,1.8,1.8,0.9,0.1,4.1,21.1,0.0,0.0,1.0
112,Mark Williams,CHA,21,18,6,12,27.1,13.2,5.3,8.2,65.3,0.0,0.0,0.0,2.6,3.6,71.9,4.1,5.9,10.1,1.2,0.9,0.8,1.0,2.7,31.7,8.0,0.0,-1.4
113,Buddy Hield,IND,30,18,10,8,24.8,13.2,4.9,11.0,44.9,2.9,7.5,39.3,0.3,0.4,85.7,0.5,2.4,2.9,2.7,1.5,0.7,0.6,2.0,23.2,0.0,0.0,3.2
114,Obi Toppin,IND,25,18,10,8,24.9,13.1,5.2,8.6,61.0,1.2,3.4,36.1,1.4,1.8,81.3,0.9,2.2,3.1,1.3,0.8,0.7,0.6,2.0,21.8,0.0,0.0,0.7
115,Bennedict Mathurin,IND,21,18,10,8,24.6,13.0,4.8,10.7,45.3,1.1,3.2,34.5,2.2,2.9,76.9,1.1,2.6,3.7,1.9,1.3,0.6,0.2,1.9,21.4,1.0,0.0,-1.1
116,Kevin Huerter,SAC,25,17,10,7,27.7,13.0,4.8,10.7,45.1,2.6,6.7,38.6,0.8,0.9,81.3,0.7,4.0,4.7,3.1,0.9,0.8,0.4,2.3,25.8,0.0,0.0,-0.1
117,Moritz Wagner,ORL,26,20,14,6,19.5,13.0,5.0,7.9,63.3,0.7,1.8,37.1,2.4,2.9,82.5,1.6,2.8,4.3,1.2,1.4,0.5,0.5,2.5,21.3,0.0,0.0,1.5
118,Deandre Ayton,POR,25,18,5,13,31.9,12.9,6.0,10.2,58.7,0.0,0.0,0.0,0.9,1.2,81.0,3.1,7.7,10.8,1.6,1.9,1.2,0.7,2.6,32.1,10.0,0.0,-7.2
119,Jordan Hawkins,NOP,21,21,11,10,27.8,12.9,4.1,10.5,39.4,2.7,7.1,37.3,1.9,2.2,87.0,0.8,3.0,3.8,1.8,1.0,0.5,0.0,2.0,20.5,0.0,0.0,-3.2
120,Keegan Murray,SAC,23,14,9,5,32.4,12.9,4.8,12.4,38.5,2.1,7.1,29.3,1.2,1.4,85.0,1.7,4.4,6.1,1.9,1.2,1.3,0.6,2.2,27.4,1.0,0.0,1.8
121,De'Anthony Melton,PHI,25,19,12,7,30.2,12.8,4.2,10.5,39.7,2.4,6.1,40.0,2.1,2.7,78.4,0.8,3.2,4.0,3.7,1.4,1.3,0.4,2.7,27.0,0.0,0.0,2.8
122,Jalen Suggs,ORL,22,19,13,6,26.9,12.8,4.4,9.7,45.4,1.6,4.4,36.9,2.3,2.8,81.5,0.7,2.9,3.6,2.7,2.1,1.9,0.6,3.0,26.6,0.0,0.0,2.0
123,Andrew Wiggins,GSW,28,18,8,10,27.2,12.8,5.1,11.7,43.3,0.9,3.3,26.7,1.8,3.0,59.3,1.9,2.4,4.4,1.2,1.8,0.3,0.4,2.6,20.2,1.0,0.0,-4.8
124,Nic Claxton,BKN,24,10,5,5,27.1,12.7,5.7,8.4,67.9,0.0,0.0,0.0,1.3,2.2,59.1,3.5,5.2,8.7,1.5,0.8,0.6,2.6,2.5,34.2,3.0,0.0,0.5
125,Bruce Brown,IND,27,18,10,8,31.8,12.7,4.7,9.7,48.9,1.4,3.8,36.2,1.8,2.2,82.5,0.5,3.7,4.2,2.8,1.1,1.1,0.3,2.3,25.0,0.0,0.0,4.1
126,Naz Reid,MIN,24,19,15,4,21.4,12.6,4.7,9.1,51.4,1.7,4.2,40.0,1.5,1.7,90.6,0.9,3.1,4.0,0.7,1.1,0.7,0.6,1.5,21.2,0.0,0.0,0.9
127,Collin Sexton,UTA,24,20,7,13,20.7,12.6,4.3,9.4,45.2,1.2,3.4,33.8,2.9,3.3,87.9,0.9,1.7,2.6,3.2,2.1,0.4,0.2,1.7,20.2,0.0,0.0,-1.5
128,Marcus Smart,MEM,29,11,2,9,29.9,12.5,4.6,10.8,42.9,1.6,5.5,29.5,1.5,1.9,81.0,0.3,2.2,2.5,5.0,3.4,2.0,0.4,3.2,26.6,0.0,0.0,-4.8
129,Jrue Holiday,BOS,33,17,14,3,34.5,12.4,4.7,11.1,42.6,1.8,4.6,38.5,1.2,1.5,80.8,1.8,5.4,7.2,5.2,2.2,0.6,0.9,1.7,31.2,5.0,0.0,8.4
130,Saddiq Bey,ATL,24,19,9,10,29.2,12.4,4.5,8.8,51.2,1.8,4.5,40.0,1.5,1.9,78.4,1.9,3.9,5.8,1.2,1.2,1.1,0.2,1.6,23.8,1.0,0.0,2.9
131,Harrison Barnes,SAC,31,18,11,7,31.4,12.3,4.2,8.7,48.1,1.8,4.8,37.9,2.1,2.5,84.4,0.8,2.4,3.2,1.5,0.8,0.8,0.1,1.2,20.3,0.0,0.0,-1.2
132,Deni Avdija,WAS,22,19,3,16,26.6,12.3,4.8,9.2,52.6,1.1,2.7,38.5,1.5,1.8,82.9,1.3,3.9,5.3,3.7,1.4,0.8,0.3,2.3,26.0,0.0,0.0,-6.0
133,Jalen Duren,DET,20,13,2,11,28.7,12.2,5.5,8.8,62.6,0.0,0.2,0.0,1.2,2.1,55.6,3.5,7.4,10.9,2.7,2.8,0.6,1.4,3.6,32.6,9.0,0.0,-5.4
134,Jusuf Nurkic,PHX,29,20,12,8,27.8,12.1,4.5,9.5,46.8,0.7,2.5,26.0,2.6,3.4,75.0,2.9,6.3,9.2,3.9,2.2,1.1,1.3,3.7,33.7,6.0,0.0,4.2
135,Josh Giddey,OKC,21,19,13,6,26.3,12.0,5.1,11.9,42.7,0.7,2.2,31.0,1.1,1.4,77.8,1.5,4.2,5.7,4.2,2.7,0.7,0.5,1.3,26.1,1.0,0.0,1.3
136,Russell Westbrook,LAC,35,19,9,10,26.7,12.0,4.7,10.9,43.5,0.7,2.7,27.5,1.8,2.8,63.0,1.5,5.1,6.6,5.3,2.3,1.3,0.3,2.4,30.4,4.0,0.0,-0.2
137,Jaime Jaquez Jr.,MIA,22,20,11,9,26.7,12.0,4.8,9.2,52.5,1.2,3.1,39.3,1.2,1.5,79.3,1.2,2.7,3.9,2.6,1.5,1.1,0.2,2.3,22.8,0.0,0.0,0.8
138,Norman Powell,LAC,30,19,9,10,23.8,11.9,4.0,8.3,48.1,1.8,4.0,46.1,2.1,2.6,81.6,0.2,1.7,1.9,1.0,1.1,0.7,0.5,2.1,18.1,0.0,0.0,-2.1
139,Grayson Allen,PHX,28,18,11,7,32.8,11.8,4.0,8.2,48.6,2.2,4.8,46.5,1.6,1.8,87.9,0.8,3.8,4.6,2.9,1.6,0.6,0.4,2.3,23.2,0.0,0.0,1.9
140,Herbert Jones,NOP,25,18,11,7,31.2,11.8,4.0,7.8,51.1,1.2,3.4,33.9,2.7,3.1,87.3,0.9,3.2,4.2,2.8,1.7,1.9,1.3,3.4,28.8,0.0,0.0,1.8
141,Khris Middleton,MIL,32,16,11,5,20.8,11.8,4.5,9.8,46.2,1.3,3.8,32.8,1.6,2.0,78.1,0.7,3.5,4.2,3.9,1.6,0.8,0.1,1.9,23.5,0.0,0.0,4.3
142,Malik Beasley,MIL,27,20,14,6,29.1,11.8,4.3,8.9,48.0,2.9,6.5,45.0,0.4,0.6,66.7,0.6,3.9,4.5,1.5,0.8,1.0,0.2,2.0,22.1,1.0,0.0,3.2
143,Ivica Zubac,LAC,26,19,9,10,25.8,11.8,4.9,7.9,62.7,0.0,0.0,0.0,1.9,3.1,62.1,3.2,5.8,9.0,0.8,1.3,0.1,1.5,2.6,27.3,5.0,0.0,3.3
144,Rui Hachimura,LAL,25,12,7,5,23.3,11.8,4.3,8.6,50.5,1.3,2.9,42.9,1.8,2.3,78.6,1.0,2.8,3.8,1.0,1.0,0.9,0.3,1.5,20.4,0.0,0.0,1.6
145,Jeremy Sochan,SAS,20,19,3,16,29.0,11.7,4.5,10.0,44.7,0.9,2.2,42.9,1.8,2.3,79.1,1.5,3.9,5.4,4.4,2.4,0.7,0.2,2.9,25.2,0.0,0.0,-9.7
146,Jaden Ivey,DET,21,16,2,14,23.0,11.5,4.1,8.2,49.6,1.1,3.1,34.7,2.3,2.9,78.7,0.8,1.9,2.7,2.9,2.1,0.7,0.4,2.8,20.3,0.0,0.0,-2.8
147,Markelle Fultz,ORL,25,5,2,3,28.6,11.4,5.4,11.2,48.2,0.0,0.6,0.0,0.6,0.8,75.0,1.6,1.8,3.4,4.0,1.2,1.2,0.4,1.2,25.1,0.0,0.0,1.0
148,Jakob Poeltl,TOR,28,20,9,11,26.6,11.4,5.3,7.2,72.9,0.0,0.0,0.0,0.9,1.8,48.6,2.8,5.7,8.5,2.3,1.7,0.9,1.1,2.8,29.0,9.0,0.0,0.2
149,Bobby Portis,MIL,28,20,14,6,23.9,11.3,4.7,9.8,47.4,0.8,2.6,29.4,1.3,1.7,75.8,1.3,5.4,6.7,1.2,0.9,0.9,0.5,2.3,24.3,2.0,0.0,2.6
150,Kentavious Caldwell-Pope,DEN,30,21,14,7,34.3,11.2,3.9,8.7,45.1,1.6,3.9,40.7,1.8,2.0,92.7,0.5,1.6,2.0,2.7,1.3,1.7,0.4,2.1,22.7,0.0,0.0,7.9
151,Isaiah Stewart,DET,22,20,2,18,31.3,11.2,4.2,9.3,44.9,1.5,4.1,37.0,1.4,1.7,79.4,2.0,5.2,7.2,1.4,1.8,0.4,0.7,2.4,23.2,5.0,0.0,-3.8
152,Aaron Nesmith,IND,24,16,9,7,23.7,11.0,4.0,7.3,54.7,1.8,3.9,46.0,1.2,1.9,63.3,0.9,2.4,3.3,1.0,0.6,1.1,0.6,3.3,20.8,0.0,0.0,-1.1
153,Dorian Finney-Smith,BKN,30,18,9,9,31.4,11.0,4.1,8.8,46.5,2.7,6.0,45.4,0.1,0.2,33.3,2.1,3.4,5.5,1.4,0.9,0.5,0.7,2.3,22.3,0.0,0.0,-4.3
154,Gary Trent Jr.,TOR,24,17,8,9,25.8,11.0,4.1,10.2,39.9,1.9,5.2,36.4,1.0,1.8,56.7,0.2,1.8,2.0,1.3,0.6,0.8,0.1,1.1,17.5,0.0,0.0,0.5
155,Jonathan Kuminga,GSW,21,19,8,11,19.8,11.0,3.9,8.8,44.9,0.6,2.3,25.0,2.5,3.7,68.6,0.7,2.3,3.0,1.0,1.4,0.5,0.4,2.3,17.4,0.0,0.0,1.3
156,Corey Kispert,WAS,24,18,3,15,22.9,10.9,3.7,8.2,44.6,1.9,5.2,37.2,1.6,2.1,78.4,0.5,2.1,2.6,1.7,0.9,0.5,0.0,1.8,17.0,0.0,0.0,-4.7
157,Tyus Jones,WAS,27,19,3,16,26.8,10.8,4.6,9.4,49.2,1.1,3.2,35.0,0.5,0.7,69.2,0.3,2.5,2.8,4.9,0.6,0.9,0.1,0.9,24.1,0.0,0.0,-8.8
158,Alec Burks,DET,32,13,2,11,19.9,10.8,2.9,8.5,34.5,2.0,5.5,36.6,2.9,3.4,86.4,0.5,1.8,2.4,1.9,0.4,0.4,0.3,1.6,18.2,0.0,0.0,-3.5
159,Ausar Thompson,DET,20,20,2,18,28.2,10.7,4.5,9.7,46.1,0.3,1.9,13.5,1.5,2.2,69.8,3.2,6.0,9.1,2.7,2.2,1.0,1.5,3.8,30.7,2.0,0.0,-7.7
160,Clint Capela,ATL,29,19,9,10,24.5,10.6,4.6,8.1,56.9,0.0,0.0,0.0,1.5,2.4,60.9,4.6,5.5,10.1,1.1,0.8,0.7,1.7,2.3,30.8,8.0,0.0,-0.7
161,Isaiah Joe,OKC,24,19,13,6,20.9,10.6,3.4,7.5,45.8,2.7,5.9,46.0,1.1,1.3,83.3,0.1,2.4,2.5,1.2,0.5,0.8,0.3,1.2,18.5,0.0,0.0,8.1
162,Dario Saric,GSW,29,20,9,11,21.6,10.6,3.7,8.2,45.4,1.6,4.3,37.6,1.6,1.9,84.2,1.5,4.4,5.9,2.5,1.1,0.7,0.3,2.4,23.2,1.0,0.0,1.3
163,Josh Richardson,MIA,30,17,10,7,27.7,10.5,3.9,8.5,46.2,1.2,4.2,29.6,1.4,1.6,88.9,0.5,2.1,2.6,3.1,1.2,0.6,0.3,1.8,19.9,0.0,0.0,-1.6
164,Keyonte George,UTA,20,20,7,13,26.0,10.5,3.3,9.5,34.7,1.6,5.2,31.1,2.3,3.0,78.0,0.6,2.7,3.3,5.0,2.2,0.5,0.1,1.2,21.4,0.0,0.0,-5.4
165,Mike Conley,MIN,36,19,15,4,29.5,10.4,3.5,8.1,43.8,2.1,5.1,41.2,1.2,1.3,95.8,0.5,2.4,2.9,6.2,0.9,0.9,0.1,1.8,25.4,2.0,0.0,5.2
166,Luguentz Dort,OKC,24,19,13,6,28.3,10.3,3.5,7.8,44.3,1.7,4.3,40.7,1.6,2.1,77.5,1.1,3.0,4.1,1.3,1.0,0.9,0.8,3.0,21.4,0.0,0.0,1.1
167,Draymond Green,GSW,33,12,6,6,24.5,10.1,3.5,7.3,48.3,1.4,3.0,47.2,1.7,2.0,83.3,1.3,4.3,5.5,5.3,2.1,0.5,0.7,2.8,26.0,0.0,0.0,-2.5
168,Jalen Smith,IND,23,14,8,6,15.4,10.0,3.8,5.4,70.7,1.0,1.5,66.7,1.4,1.9,74.1,1.4,4.1,5.5,0.9,1.1,0.4,0.3,2.1,18.7,1.0,0.0,-1.3
169,Caleb Martin,MIA,28,10,5,5,22.9,9.9,4.0,9.6,41.7,1.0,3.4,29.4,0.9,1.1,81.8,1.0,2.1,3.1,1.7,1.2,1.0,0.0,1.9,18.0,0.0,0.0,1.0
170,Derrick Jones Jr.,DAL,26,19,11,8,23.4,9.8,3.5,7.3,48.6,1.8,4.3,41.5,1.0,1.3,76.0,1.1,2.5,3.6,1.0,1.0,0.6,0.7,1.6,18.5,1.0,0.0,-0.4
171,Grant Williams,DAL,25,19,11,8,28.8,9.8,3.3,7.7,42.2,2.3,5.6,40.6,1.1,1.6,64.5,1.2,2.6,3.7,1.7,0.9,0.3,0.6,2.6,18.5,0.0,0.0,0.6
172,Marvin Bagley III,DET,24,19,2,17,18.1,9.8,3.8,6.7,57.5,0.1,0.3,20.0,2.1,2.4,87.0,1.8,2.9,4.8,1.2,1.2,0.1,0.6,1.5,18.5,1.0,0.0,-1.3
173,Daniel Gafford,WAS,25,17,3,14,25.1,9.8,4.2,5.9,70.3,0.0,0.0,0.0,1.5,2.3,64.1,2.6,4.9,7.6,1.6,1.2,0.6,2.1,3.4,28.3,3.0,0.0,-4.5
174,Sam Hauser,BOS,25,19,15,4,22.9,9.7,3.3,7.1,47.0,2.7,6.3,43.7,0.4,0.4,87.5,0.8,2.6,3.5,0.8,0.6,0.5,0.4,1.5,17.2,0.0,0.0,1.8
175,Derrick Rose,MEM,35,10,3,7,19.0,9.7,3.9,8.3,47.0,0.8,2.1,38.1,1.1,1.3,84.6,0.6,1.4,2.0,3.1,1.2,0.5,0.1,1.1,17.4,0.0,0.0,1.0
176,Alex Caruso,CHI,29,18,6,12,23.4,9.7,3.4,6.3,54.0,1.7,3.6,47.7,1.2,1.5,77.8,1.1,2.2,3.3,2.3,1.3,1.4,0.8,2.3,22.3,1.0,0.0,-2.8
177,Jaden McDaniels,MIN,23,11,9,2,23.6,9.5,4.2,7.2,58.2,1.0,2.6,37.9,0.2,0.2,100,0.6,1.5,2.2,1.3,1.0,0.5,0.4,3.3,15.8,0.0,0.0,4.2
178,Killian Hayes,DET,22,19,2,17,26.9,9.5,3.8,8.8,42.9,0.9,2.8,32.1,1.1,1.6,66.7,0.3,2.6,2.8,4.3,0.8,1.2,0.7,2.1,24.3,0.0,0.0,-4.2
179,Wendell Carter Jr.,ORL,24,5,3,2,29.4,9.4,3.4,9.0,37.8,1.0,3.2,31.3,1.6,2.8,57.1,2.2,6.4,8.6,1.6,1.6,0.6,0.4,2.8,23.5,1.0,0.0,0.2
180,Kyle Lowry,MIA,37,19,10,9,29.3,9.4,3.1,7.0,44.4,2.1,4.7,44.4,1.1,1.2,90.9,0.9,3.3,4.2,4.3,1.3,1.2,0.3,2.8,24.0,1.0,0.0,1.3
181,Matt Ryan,NOP,26,13,6,7,22.9,9.3,2.9,6.4,45.8,2.5,5.2,47.1,1.0,1.1,92.9,0.4,1.9,2.3,1.1,1.2,0.4,0.1,1.8,13.8,0.0,0.0,2.2
182,Naji Marshall,NOP,25,12,7,5,21.9,9.3,3.0,6.5,46.2,1.3,2.9,42.9,2.0,2.4,82.8,1.3,3.4,4.8,2.3,1.3,0.8,0.3,1.5,20.5,0.0,0.0,1.7
183,Talen Horton-Tucker,UTA,23,20,7,13,22.3,9.3,3.5,9.2,37.7,1.2,3.9,30.8,1.2,1.4,85.2,0.5,2.4,2.9,4.5,1.9,1.0,0.5,2.3,21.7,0.0,0.0,-1.8
184,Scoot Henderson,POR,19,10,5,5,25.1,9.2,3.5,10.2,34.3,0.9,4.1,22.0,1.3,1.9,68.4,0.8,1.9,2.7,4.2,3.4,0.5,0.1,4.1,17.1,0.0,0.0,-1.2
185,Donte DiVincenzo,NYK,26,19,12,7,20.4,9.2,3.2,7.4,42.6,2.3,5.2,43.4,0.6,0.9,64.7,0.8,2.1,2.8,1.7,1.1,0.9,0.3,1.4,17.8,0.0,0.0,1.2
186,Walker Kessler,UTA,22,13,5,8,24.5,9.2,4.1,7.2,57.0,0.2,0.8,18.2,0.8,1.5,57.9,3.2,4.8,7.9,0.7,1.2,0.2,2.5,2.2,26.6,3.0,0.0,-6.9
187,Chris Paul,GSW,38,18,8,10,26.8,8.9,3.2,7.9,39.9,1.2,3.6,32.8,1.4,1.6,92.9,0.3,3.3,3.6,7.3,1.1,1.5,0.1,1.6,27.8,3.0,0.0,2.8
188,Christian Braun,DEN,22,21,14,7,20.8,8.9,3.5,7.3,47.4,0.7,1.6,41.2,1.3,1.8,73.0,0.9,3.3,4.2,2.0,0.7,0.4,0.2,1.6,18.1,0.0,0.0,0.2
189,Onyeka Okongwu,ATL,22,19,9,10,23.3,8.8,3.2,5.6,57.0,0.3,1.1,23.8,2.2,2.5,85.4,2.5,4.1,6.6,1.4,0.8,0.5,0.8,2.7,22.1,2.0,0.0,1.0
190,Kevin Knox II,DET,24,6,0,6,20.7,8.8,3.5,6.8,51.2,1.5,3.5,42.9,0.3,0.5,66.7,0.8,2.7,3.5,0.5,1.0,0.7,0.2,2.0,15.3,1.0,0.0,-3.7
191,Ziaire Williams,MEM,22,17,5,12,22.3,8.7,3.1,7.8,39.1,1.4,3.8,35.4,1.2,1.4,87.5,0.7,3.8,4.5,1.4,1.4,0.5,0.3,2.0,17.3,1.0,0.0,-7.3
192,Taurean Prince,LAL,29,19,11,8,29.9,8.7,3.3,7.8,41.6,1.5,4.5,34.1,0.6,0.8,75.0,0.3,2.1,2.4,1.5,0.7,0.6,0.4,2.3,16.3,0.0,0.0,-0.3
193,Moses Moody,GSW,21,20,9,11,18.8,8.7,3.2,6.4,49.2,1.2,3.2,37.5,1.2,1.6,74.2,1.2,2.2,3.4,1.2,0.6,0.8,0.3,1.4,17.2,0.0,0.0,-0.2
194,Dereck Lively II,DAL,19,17,11,6,25.1,8.6,3.8,5.3,72.2,0.0,0.1,0.0,0.9,1.6,59.3,3.0,4.8,7.8,1.2,1.1,0.6,1.5,3.2,25.1,3.0,0.0,2.8
195,David Roddy,MEM,22,19,5,14,23.8,8.4,3.4,7.8,43.2,1.0,3.3,30.6,0.6,0.9,70.6,1.1,3.1,4.2,1.1,0.9,0.6,0.4,1.6,17.3,0.0,0.0,-2.9
196,Georges Niang,CLE,30,20,11,9,22.3,8.4,3.1,7.5,41.3,1.6,4.5,34.8,0.6,0.7,92.3,0.3,3.7,4.0,1.2,0.6,0.4,0.1,2.3,15.7,0.0,0.0,-0.7
197,Bones Hyland,LAC,23,12,6,6,16.8,8.3,3.1,7.3,42.0,1.4,4.0,35.4,0.8,0.8,90.0,0.2,1.0,1.2,2.0,1.6,0.6,0.0,1.8,12.9,0.0,0.0,2.0
198,Landry Shamet,WAS,26,15,2,13,16.9,8.3,3.2,6.7,47.5,1.6,4.0,40.0,0.3,0.7,45.5,0.1,1.3,1.4,1.5,0.6,0.6,0.1,2.1,13.8,0.0,0.0,-1.0
199,Marcus Sasser,DET,23,20,2,18,18.6,8.3,3.3,7.1,46.1,1.4,3.4,39.7,0.5,0.5,100,0.2,1.8,2.0,2.9,0.8,0.7,0.2,1.5,16.7,0.0,0.0,-4.3
200,Luke Kennard,MEM,27,8,2,6,21.5,8.3,2.6,7.3,36.2,2.1,5.8,37.0,0.9,0.9,100,0.4,2.5,2.9,2.0,0.6,0.6,0.1,0.5,16.3,0.0,0.0,-3.3
201,Bilal Coulibaly,WAS,19,18,3,15,26.3,8.2,3.1,6.0,51.9,1.1,2.6,43.5,0.9,1.3,66.7,0.4,3.3,3.8,1.6,1.4,1.1,0.7,1.8,19.1,0.0,0.0,-1.3
202,Cedi Osman,SAS,28,19,3,16,19.4,8.2,3.1,6.6,46.0,1.5,3.8,39.7,0.6,0.7,78.6,0.5,1.5,2.0,1.5,0.6,0.4,0.2,1.7,14.1,0.0,0.0,-8.4
203,Malaki Branham,SAS,20,19,3,16,20.7,8.2,3.4,8.2,41.9,0.9,3.3,29.0,0.4,0.5,88.9,0.2,1.2,1.4,2.2,1.2,0.4,0.1,1.3,13.5,0.0,0.0,-6.4
204,Trey Lyles,SAC,28,5,3,2,21.2,8.2,2.6,6.6,39.4,1.4,4.6,30.4,1.6,2.6,61.5,1.6,4.4,6.0,0.6,1.4,0.0,0.2,2.4,15.5,0.0,0.0,2.6
205,Royce O'Neale,BKN,30,18,10,8,29.7,8.2,2.8,7.3,38.2,2.5,6.2,40.5,0.1,0.3,33.3,0.7,4.7,5.4,3.4,1.0,0.8,0.8,3.1,23.9,2.0,0.0,-0.3
206,Josh Hart,NYK,28,19,12,7,28.7,8.2,3.3,7.0,46.6,1.1,3.1,34.5,0.6,0.8,73.3,1.1,5.2,6.2,2.6,1.0,0.9,0.3,1.7,22.3,0.0,0.0,4.5
207,Jae Crowder,MIL,33,9,5,4,26.7,8.1,2.8,5.2,53.2,1.8,3.4,51.6,0.8,1.3,58.3,0.4,3.4,3.9,1.7,0.4,0.8,0.3,1.6,18.2,0.0,0.0,-6.1
208,Nick Richards,CHA,26,12,3,9,16.8,8.1,2.8,3.8,75.6,0.0,0.0,0.0,2.4,3.0,80.6,1.5,4.2,5.7,0.4,1.1,0.4,1.2,2.8,19.2,2.0,0.0,-5.0
209,Patrick Williams,CHI,22,21,7,14,24.7,8.0,3.0,7.2,40.8,1.0,3.1,31.8,1.1,1.5,75.0,1.0,2.8,3.9,1.2,1.1,1.0,0.9,1.5,19.1,0.0,0.0,0.0
210,Danilo Gallinari,WAS,35,17,3,14,15.7,8.0,2.7,5.6,47.9,0.8,2.5,33.3,1.8,2.2,81.1,0.6,2.6,3.2,1.5,0.5,0.2,0.2,1.1,14.8,0.0,0.0,-1.9
211,Xavier Tillman,MEM,24,9,1,8,23.8,7.9,3.3,8.2,40.5,0.8,2.8,28.0,0.4,1.0,44.4,1.6,3.9,5.4,2.1,1.2,1.4,1.0,2.2,23.7,1.0,0.0,-2.8
212,Tre Jones,SAS,23,16,3,13,23.9,7.9,3.0,7.1,42.5,0.6,2.2,28.6,1.3,1.4,87.0,0.6,2.3,2.9,5.1,1.5,0.8,0.3,1.3,20.5,1.0,0.0,-1.3
213,Gary Harris,ORL,29,15,12,3,20.8,7.9,2.7,5.9,46.6,1.6,4.2,38.1,0.8,1.1,70.6,0.5,1.3,1.8,1.8,0.5,0.9,0.3,1.2,15.6,0.0,0.0,4.8
214,Kevin Love,MIA,35,14,7,7,17.7,7.9,2.4,6.1,38.8,1.4,4.3,33.3,1.7,2.1,82.8,1.1,5.4,6.5,2.5,0.6,0.1,0.0,1.9,19.3,1.0,0.0,3.4
215,Skylar Mays,POR,26,14,4,10,19.5,7.8,3.1,7.6,40.6,0.9,2.9,29.3,0.8,0.9,84.6,0.3,1.4,1.7,4.5,1.1,0.8,0.1,1.4,18.3,2.0,0.0,-6.4
216,T.J. McConnell,IND,31,12,6,6,14.9,7.8,3.4,5.8,58.6,0.1,0.5,16.7,0.8,1.2,71.4,0.6,1.9,2.5,4.3,0.9,0.7,0.2,1.3,18.8,1.0,0.0,-0.4
217,Al Horford,BOS,37,17,14,3,26.2,7.6,2.9,6.1,48.5,1.4,3.8,35.9,0.4,0.4,100,1.6,5.0,6.6,2.8,0.9,0.5,1.1,1.9,23.5,0.0,0.0,4.4
218,Kelly Olynyk,UTA,32,19,6,13,21.0,7.6,2.6,4.5,58.1,0.8,1.8,47.1,1.5,1.7,87.9,1.9,3.6,5.5,3.7,1.9,0.8,0.2,2.9,21.1,1.0,0.0,-1.6
219,Cason Wallace,OKC,20,19,13,6,21.9,7.5,2.9,4.8,59.8,1.1,2.1,52.5,0.6,0.7,84.6,0.6,1.8,2.4,1.4,0.5,0.5,0.4,1.6,14.5,0.0,0.0,3.8
220,Isaac Okoro,CLE,22,11,5,6,24.3,7.5,2.9,5.8,50.0,0.7,1.9,38.1,0.9,1.4,66.7,1.3,2.5,3.7,1.7,0.8,1.1,0.5,2.5,18.6,0.0,0.0,-2.6
221,Dyson Daniels,NOP,20,21,11,10,26.4,7.4,3.0,7.1,41.3,0.8,3.0,25.0,0.7,1.1,62.5,1.0,3.7,4.8,3.4,1.4,1.5,0.4,2.0,22.6,1.0,0.0,-0.2
222,Andrew Nembhard,IND,23,15,9,6,19.3,7.3,3.2,7.1,44.9,0.6,2.5,24.3,0.3,0.5,71.4,0.6,1.3,1.9,4.5,1.5,0.9,0.0,2.1,17.6,1.0,0.0,2.1
223,Brandin Podziemski,GSW,20,14,5,9,18.7,7.3,2.7,5.9,45.8,1.1,2.4,44.1,0.8,1.1,73.3,0.9,3.4,4.3,2.2,1.0,0.5,0.1,1.6,16.7,0.0,0.0,3.3
224,Precious Achiuwa,TOR,24,14,5,9,18.1,7.3,2.9,6.8,43.2,0.4,1.6,26.1,1.0,1.8,56.0,2.3,3.9,6.1,2.0,1.3,0.6,0.4,1.8,19.4,1.0,0.0,-4.1
225,Kyle Anderson,MIN,30,19,15,4,24.2,7.3,2.8,5.6,50.0,0.1,0.6,16.7,1.6,2.3,68.2,0.8,3.0,3.8,4.0,1.6,0.8,0.8,1.5,21.1,0.0,0.0,1.5
226,Simone Fontecchio,UTA,27,18,6,12,17.7,7.2,2.6,6.1,43.1,1.6,4.3,37.7,0.4,0.4,87.5,0.8,1.7,2.5,1.2,1.0,0.4,0.4,1.4,13.3,0.0,0.0,-2.3
227,Cam Reddish,LAL,24,17,11,6,23.7,7.2,2.5,5.9,42.0,0.9,2.8,31.9,1.4,1.6,82.1,0.5,2.2,2.7,1.1,0.6,1.5,0.3,1.6,16.8,0.0,0.0,0.4
228,Orlando Robinson,MIA,23,6,3,3,16.0,7.2,3.0,5.2,58.1,0.7,0.7,100,0.5,0.7,75.0,1.2,2.8,4.0,2.0,1.0,0.3,0.5,1.8,16.5,0.0,0.0,3.5
229,Craig Porter Jr.,CLE,23,13,8,5,13.7,7.2,2.8,5.1,56.1,0.2,0.5,42.9,1.2,1.7,72.7,0.2,1.5,1.8,2.3,1.1,0.5,0.4,1.2,14.4,0.0,0.0,-3.1
230,Duop Reath,POR,27,11,3,8,13.9,7.1,2.5,5.9,41.5,1.4,3.8,35.7,0.8,0.9,90.0,0.6,1.2,1.8,1.1,0.7,0.5,0.3,1.5,12.4,0.0,0.0,3.8
231,Christian Wood,LAL,28,21,12,9,20.2,7.0,2.4,5.5,44.3,0.7,2.5,26.9,1.5,2.1,68.9,0.9,5.0,5.9,0.8,1.3,0.2,0.6,1.8,16.2,2.0,0.0,0.2
232,Daniel Theis,LAC,31,10,7,3,16.4,7.0,3.1,6.6,47.0,0.3,0.9,33.3,0.5,1.0,50.0,1.7,2.1,3.8,1.2,0.6,0.3,0.8,2.6,16.1,0.0,0.0,-0.5
233,Isaiah Livers,DET,25,6,0,6,22.5,7.0,2.3,6.7,35.0,1.5,4.5,33.3,0.8,1.2,71.4,0.7,1.7,2.3,1.2,1.7,0.2,0.0,1.7,10.4,0.0,0.0,-13.0
234,Jabari Walker,POR,21,19,6,13,17.4,7.0,2.7,6.0,44.7,0.5,2.0,26.3,1.1,1.5,72.4,1.5,3.4,4.8,0.6,0.9,0.8,0.4,2.2,16.4,1.0,0.0,-1.3
235,Jordan Nwora,IND,25,5,2,3,14.6,7.0,2.8,6.8,41.2,0.8,3.0,26.7,0.6,0.8,75.0,1.2,1.8,3.0,1.2,1.4,0.8,0.2,1.6,14.0,0.0,0.0,-2.2
236,Jose Alvarado,NOP,25,7,4,3,16.2,7.0,2.7,6.7,40.4,1.3,3.4,37.5,0.3,0.9,33.3,0.6,1.4,2.0,2.0,1.0,1.0,0.1,1.3,14.8,0.0,0.0,0.0
237,Josh Okogie,PHX,25,20,12,8,22.1,7.0,2.1,4.9,42.9,0.6,2.2,25.6,2.3,2.9,77.6,1.8,1.9,3.7,1.1,0.9,1.0,0.5,1.4,16.3,0.0,0.0,1.6
238,Chris Boucher,TOR,30,18,7,11,14.9,6.9,2.2,4.8,46.5,0.8,1.8,42.4,1.7,2.1,81.6,1.3,2.6,3.9,0.4,0.4,0.4,0.5,1.8,14.6,0.0,0.0,0.8
239,Josh Green,DAL,23,18,11,7,25.2,6.9,2.6,6.1,42.2,1.3,3.5,36.5,0.5,0.9,52.9,0.6,2.3,2.9,2.4,0.9,0.9,0.2,1.7,16.3,0.0,0.0,-0.4
240,Julian Champagnie,SAS,22,12,1,11,16.2,6.8,2.3,6.1,37.0,1.7,4.3,38.5,0.7,0.9,72.7,0.4,1.6,2.0,1.1,1.1,0.5,0.8,0.9,13.5,0.0,0.0,-6.3
241,Robert Williams III,POR,26,6,2,4,19.8,6.8,2.8,4.3,65.4,0.0,0.0,0.0,1.2,1.5,77.8,1.8,4.5,6.3,0.8,1.2,1.2,1.2,2.8,21.5,0.0,0.0,-5.0
242,Trendon Watford,BKN,23,13,7,6,14.1,6.8,2.8,5.4,52.9,0.4,1.0,38.5,0.7,0.8,90.0,1.2,2.5,3.8,1.8,1.2,0.5,0.2,2.2,15.0,0.0,0.0,0.7
243,Bismack Biyombo,MEM,31,14,5,9,25.4,6.7,2.7,4.6,58.5,0.0,0.0,0.0,1.3,2.1,60.0,2.7,4.3,7.0,2.0,1.2,0.4,1.4,2.9,22.3,2.0,0.0,-1.5
244,Tari Eason,HOU,22,10,5,5,17.9,6.7,2.8,6.0,46.7,0.6,1.6,37.5,0.5,0.9,55.6,1.6,4.1,5.7,0.9,0.7,0.5,1.2,2.0,19.3,0.0,0.0,5.4
245,Drew Eubanks,PHX,26,19,11,8,17.9,6.7,2.6,4.5,58.1,0.1,0.1,100,1.3,1.6,83.3,1.4,3.1,4.5,1.5,1.1,0.2,1.1,2.1,17.1,0.0,0.0,-0.4
246,Nickeil Alexander-Walker,MIN,25,19,15,4,23.5,6.7,2.5,6.2,41.0,1.4,3.9,34.7,0.3,0.6,45.5,0.4,1.7,2.2,2.7,1.1,0.9,0.7,1.9,17.3,0.0,0.0,1.4
247,Goga Bitadze,ORL,24,18,12,6,20.0,6.7,2.5,4.6,54.2,0.1,0.2,25.0,1.6,2.2,72.5,2.1,3.9,6.0,1.8,0.7,0.8,1.4,2.4,22.5,2.0,0.0,4.4
248,Day'Ron Sharpe,BKN,22,19,10,9,15.7,6.5,2.6,4.5,57.0,0.0,0.2,0.0,1.4,2.2,63.4,2.3,4.2,6.4,0.8,1.1,0.4,0.7,2.2,17.5,2.0,0.0,3.9
249,Payton Pritchard,BOS,25,19,15,4,20.8,6.5,2.4,6.1,39.1,1.3,3.8,33.3,0.5,0.7,76.9,1.0,2.2,3.2,2.9,0.6,0.4,0.0,1.1,15.3,0.0,0.0,4.8
250,A.J. Lawson,DAL,23,2,0,2,11.6,6.5,2.0,5.5,36.4,1.5,4.0,37.5,1.0,2.0,50.0,0.0,0.5,0.5,1.0,0.0,0.0,0.5,0.5,10.1,0.0,0.0,6.5
251,Ben Simmons,BKN,27,6,3,3,31.8,6.5,3.2,6.0,52.8,0.0,0.0,0.0,0.2,0.7,25.0,2.7,8.2,10.8,6.7,2.5,0.5,0.8,2.7,31.0,2.0,0.0,-5.5
252,Cameron Payne,MIL,29,20,14,6,17.2,6.5,2.4,5.0,48.5,1.3,2.9,44.8,0.4,0.4,100,0.1,1.4,1.4,2.4,0.8,0.4,0.1,2.2,12.4,0.0,0.0,0.2
253,Ayo Dosunmu,CHI,23,19,7,12,17.6,6.5,2.5,4.8,51.1,0.8,2.2,35.7,0.7,0.9,77.8,0.5,1.2,1.6,1.7,0.7,0.7,0.1,1.6,12.6,0.0,0.0,-1.6
254,Haywood Highsmith,MIA,26,15,10,5,22.3,6.5,2.3,5.5,42.7,1.1,3.3,32.7,0.7,0.9,84.6,0.6,2.1,2.7,1.5,1.0,1.1,0.7,2.1,16.6,0.0,0.0,2.4
255,Terance Mann,LAC,27,13,6,7,26.7,6.5,2.7,6.2,43.2,0.5,2.7,17.1,0.6,1.0,61.5,1.2,2.7,3.9,2.2,0.7,0.8,0.4,2.0,17.4,0.0,0.0,3.6
256,Aaron Holiday,HOU,27,15,8,7,18.1,6.4,2.5,5.3,48.1,0.9,2.6,35.9,0.4,0.5,85.7,0.2,1.6,1.8,2.1,0.4,0.5,0.1,1.9,13.1,0.0,0.0,2.7
257,Doug McDermott,SAS,31,17,3,14,16.6,6.4,2.2,4.6,48.1,1.6,3.5,47.5,0.2,0.4,66.7,0.2,0.9,1.1,1.8,0.7,0.4,0.1,1.3,11.1,0.0,0.0,-5.1
258,Jonathan Isaac,ORL,26,15,12,3,13.4,6.3,2.1,4.9,43.8,0.5,2.3,22.9,1.5,1.9,79.3,1.2,3.3,4.5,0.3,0.7,0.9,1.3,1.4,17.9,0.0,0.0,4.7
259,Toumani Camara,POR,23,19,6,13,24.9,6.3,2.3,5.5,41.0,0.7,2.6,28.0,1.1,1.4,74.1,1.7,2.3,4.1,1.1,1.1,0.9,0.6,2.5,16.4,0.0,0.0,-1.5
260,Sasha Vezenkov,SAC,28,15,9,6,14.6,6.3,2.3,5.3,43.8,1.3,3.5,37.7,0.3,0.4,66.7,0.3,2.0,2.3,0.3,0.3,0.4,0.3,1.2,11.3,0.0,0.0,2.3
261,Amen Thompson,HOU,20,4,1,3,16.7,6.3,2.3,5.5,40.9,0.5,2.8,18.2,1.3,2.0,62.5,0.3,2.5,2.8,1.5,1.5,0.5,0.3,2.3,12.6,0.0,0.0,-5.3
262,Jordan Goodwin,PHX,25,20,12,8,17.1,6.3,2.3,5.9,39.0,1.0,2.9,35.1,0.7,0.8,81.3,1.1,2.7,3.8,2.1,0.8,0.8,0.3,1.2,16.2,0.0,0.0,1.8
263,Mitchell Robinson,NYK,25,19,12,7,29.9,6.2,2.7,4.7,57.8,0.0,0.0,0.0,0.7,1.9,38.9,5.6,5.2,10.7,0.5,0.9,1.5,1.4,1.9,27.6,2.0,0.0,3.3
264,Jaylen Nowell,MEM,24,5,2,3,18.7,6.2,2.6,7.2,36.1,0.4,2.8,14.3,0.6,0.6,100,0.6,1.8,2.4,1.4,0.4,0.4,0.0,1.6,12.0,0.0,0.0,0.0
265,Jaden Hardy,DAL,21,16,9,7,11.3,6.2,2.2,5.7,38.5,0.7,2.6,26.8,1.1,1.7,66.7,0.4,1.3,1.7,1.2,0.8,0.3,0.0,1.1,10.2,0.0,0.0,-2.1
266,Quentin Grimes,NYK,23,17,10,7,23.1,6.2,2.2,6.0,36.3,1.7,4.9,34.9,0.1,0.2,66.7,0.2,1.1,1.3,1.2,0.5,0.8,0.0,1.7,11.3,0.0,0.0,-1.2
267,Dennis Smith Jr.,BKN,26,12,6,6,17.3,6.2,2.5,6.1,41.1,0.6,1.8,31.8,0.6,0.8,77.8,0.8,2.3,3.0,3.4,1.0,0.8,0.3,2.1,16.9,1.0,0.0,0.7
268,Matisse Thybulle,POR,26,19,6,13,22.7,6.2,2.2,4.7,47.2,1.4,3.7,38.6,0.3,0.4,75.0,0.3,1.3,1.6,1.2,0.7,1.4,0.8,1.2,15.7,0.0,0.0,-2.7
269,DeAndre Jordan,DEN,35,6,5,1,14.5,6.0,2.5,3.7,68.2,0.0,0.0,0.0,1.0,3.5,28.6,1.3,3.2,4.5,1.2,1.2,0.3,0.2,1.7,13.5,1.0,0.0,-2.8
270,Gabe Vincent,LAL,27,4,2,2,28.4,6.0,2.8,7.0,39.3,0.3,3.5,7.1,0.3,0.5,50.0,0.5,0.5,1.0,3.0,0.5,1.5,0.0,2.5,15.7,0.0,0.0,2.5
271,Harry Giles III,BKN,25,2,0,2,6.1,6.0,2.5,3.0,83.3,0.5,1.0,50.0,0.5,0.5,100,0.0,1.0,1.0,0.0,0.5,0.0,0.0,1.0,6.7,0.0,0.0,3.0
272,Keita Bates-Diop,PHX,27,17,11,6,19.5,6.0,2.1,4.9,41.7,0.5,1.9,28.1,1.4,1.8,76.7,1.1,2.4,3.4,0.9,0.2,0.7,0.8,1.1,15.8,0.0,0.0,-0.9
273,Jeff Green,HOU,37,17,8,9,14.5,5.9,2.0,3.7,54.0,0.4,1.2,33.3,1.5,2.0,76.5,0.8,1.5,2.2,0.6,0.6,0.2,0.4,1.1,10.7,0.0,0.0,0.5
274,Gary Payton II,GSW,31,14,7,7,17.3,5.9,2.4,5.1,47.9,0.6,2.0,32.1,0.4,0.6,66.7,1.1,2.1,3.1,0.9,0.6,1.2,0.3,1.9,15.0,0.0,0.0,1.4
275,Nicolas Batum,PHI,34,13,9,4,23.7,5.9,2.1,3.7,56.3,1.5,3.0,51.3,0.2,0.3,75.0,0.9,2.8,3.7,1.6,0.5,0.7,0.8,2.1,16.9,0.0,0.0,5.6
276,Jae'Sean Tate,HOU,28,16,8,8,18.5,5.8,2.3,4.6,50.7,0.7,1.9,35.5,0.5,0.6,80.0,1.0,2.8,3.8,1.3,0.3,1.1,0.3,2.8,16.0,0.0,0.0,2.3
277,Andre Drummond,CHI,30,21,7,14,13.2,5.8,2.3,4.3,52.7,0.0,0.0,0.0,1.2,2.1,59.1,2.6,3.9,6.5,0.6,1.0,1.0,0.3,1.6,17.5,2.0,0.0,-0.8
278,Pat Connaughton,MIL,30,18,13,5,23.1,5.8,2.1,5.0,42.2,1.1,3.3,33.9,0.4,0.7,66.7,0.7,2.8,3.5,2.0,0.8,0.5,0.2,1.1,14.2,0.0,0.0,0.0
279,Kevon Looney,GSW,27,20,9,11,23.2,5.8,2.4,4.1,58.5,0.0,0.0,0.0,1.0,1.4,70.4,2.9,5.8,8.7,2.8,1.0,0.8,0.4,2.8,22.7,1.0,0.0,-1.5
280,Ochai Agbaji,UTA,23,20,7,13,20.1,5.8,2.2,4.8,45.8,1.2,3.0,39.0,0.2,0.3,66.7,0.9,1.8,2.7,1.1,0.8,0.6,0.6,1.5,13.5,0.0,0.0,-2.4
281,Eugene Omoruyi,WAS,26,11,2,9,6.8,5.7,2.1,3.3,63.9,0.5,1.0,45.5,1.1,1.5,75.0,0.8,1.1,1.9,0.7,0.5,0.5,0.1,0.9,10.2,0.0,0.0,2.1
282,JaVale McGee,SAC,35,16,9,7,9.8,5.7,2.5,3.6,69.0,0.0,0.1,0.0,0.7,1.2,57.9,1.4,2.4,3.8,0.4,1.1,0.3,0.7,1.3,12.7,0.0,0.0,1.3
283,Kenrich Williams,OKC,29,9,7,2,16.7,5.7,2.2,4.1,54.1,0.9,1.7,53.3,0.3,0.9,37.5,0.9,2.1,3.0,1.8,0.3,0.4,0.0,2.2,12.9,0.0,0.0,5.8
284,Shake Milton,MIN,27,19,15,4,16.3,5.6,1.8,5.1,36.1,0.4,1.9,21.6,1.5,1.8,80.0,0.2,1.7,1.9,1.5,1.1,0.7,0.2,1.6,11.8,0.0,0.0,-0.4
285,Nassir Little,PHX,23,14,10,4,15.0,5.6,1.9,4.0,48.2,0.7,2.3,31.3,1.0,1.1,87.5,0.5,1.7,2.2,0.6,0.4,0.6,0.6,1.3,12.5,0.0,0.0,-1.9
286,Jevon Carter,CHI,28,21,7,14,14.5,5.5,2.1,5.4,39.5,1.2,3.3,36.2,0.0,0.0,0.0,0.1,0.5,0.6,1.2,0.7,0.5,0.3,1.1,9.7,0.0,0.0,0.4
287,Paul Reed,PHI,24,19,12,7,14.7,5.5,2.5,4.2,59.5,0.2,0.5,44.4,0.3,0.4,75.0,1.8,2.6,4.4,1.1,0.8,0.5,0.6,2.1,14.9,0.0,0.0,3.2
288,Isaiah Hartenstein,NYK,25,19,12,7,17.0,5.4,2.2,3.8,56.2,0.1,0.2,33.3,1.1,1.6,66.7,2.4,2.5,4.9,0.9,0.8,0.9,0.5,2.7,16.2,0.0,0.0,2.1
289,Robert Covington,PHI,32,19,12,7,18.7,5.4,1.8,4.1,44.2,0.9,2.4,37.0,0.9,1.1,85.7,1.4,2.3,3.6,0.9,0.3,1.5,0.8,2.0,17.8,0.0,0.0,3.4
290,James Wiseman,DET,22,10,0,10,11.1,5.4,2.4,3.7,64.9,0.0,0.1,0.0,0.6,1.1,54.5,1.0,2.2,3.2,0.3,0.8,0.1,0.3,1.8,10.1,0.0,0.0,-3.9
291,Torrey Craig,CHI,32,21,7,14,21.4,5.4,2.0,4.8,42.0,0.8,2.5,32.7,0.6,0.6,92.3,1.8,3.1,4.9,1.1,0.7,0.6,0.4,2.4,15.3,0.0,0.0,-3.8
292,MarJon Beauchamp,MIL,23,16,10,6,16.2,5.4,2.0,4.4,45.1,0.9,2.1,41.2,0.5,0.8,66.7,0.6,1.8,2.4,1.0,0.7,0.3,0.2,1.9,10.4,0.0,0.0,1.1
293,Cole Swider,MIA,24,3,0,3,9.5,5.3,2.0,4.7,42.9,1.3,3.7,36.4,0.0,0.0,0.0,0.0,0.3,0.3,1.0,0.3,0.3,0.3,0.3,8.9,0.0,0.0,0.7
294,Davis Bertans,OKC,31,6,5,1,9.5,5.3,1.0,2.7,37.5,1.0,2.5,40.0,2.3,2.5,93.3,0.0,0.8,0.8,0.8,0.0,0.3,0.2,1.3,9.1,0.0,0.0,7.2
295,Malachi Flynn,TOR,25,20,9,11,16.5,5.3,1.9,4.6,41.3,0.9,2.7,34.0,0.6,0.8,75.0,0.5,1.6,2.1,2.2,1.0,0.7,0.2,1.4,12.6,0.0,0.0,-4.4
296,Julian Strawther,DEN,21,18,11,7,12.6,5.2,1.9,4.9,38.2,1.1,3.3,32.2,0.4,0.6,70.0,0.1,1.2,1.2,1.0,0.2,0.3,0.3,1.6,9.7,0.0,0.0,-3.1
297,Thomas Bryant,MIA,26,13,8,5,12.9,5.1,2.1,4.2,50.0,0.0,0.2,0.0,0.9,1.2,80.0,1.0,2.8,3.8,0.6,0.9,0.5,0.3,1.3,11.9,0.0,0.0,-2.7
298,Davion Mitchell,SAC,25,14,7,7,16.9,5.1,1.8,4.9,36.2,0.9,2.9,29.3,0.6,0.6,100,0.1,1.1,1.2,2.6,0.9,0.4,0.1,1.6,11.1,0.0,0.0,-5.9
299,Yuta Watanabe,PHX,29,15,8,7,18.0,5.1,1.6,4.4,36.4,1.3,3.5,36.5,0.6,0.9,69.2,0.6,1.7,2.3,0.5,0.9,0.4,0.4,1.7,10.2,0.0,0.0,0.5
300,Max Christie,LAL,20,16,8,8,18.3,5.1,1.9,4.7,40.0,0.7,2.2,31.4,0.6,0.8,83.3,0.2,2.8,2.9,1.1,0.8,0.4,0.3,1.6,11.5,0.0,0.0,-1.9
301,Delon Wright,WAS,31,8,2,6,17.7,5.0,1.4,3.8,36.7,0.5,1.4,36.4,1.8,2.0,87.5,0.4,2.1,2.5,4.4,0.5,1.6,0.1,0.8,19.3,0.0,0.0,1.1
302,James Bouknight,CHA,23,1,0,1,4.9,5.0,2.0,3.0,66.7,1.0,2.0,50.0,0.0,0.0,0.0,1.0,0.0,1.0,0.0,0.0,0.0,0.0,0.0,6.2,0.0,0.0,-1.0
303,Marcus Morris Sr.,PHI,34,12,6,6,12.1,5.0,1.9,4.3,45.1,0.9,1.9,47.8,0.3,0.3,100,0.4,1.7,2.1,0.5,0.4,0.3,0.4,1.6,10.1,0.0,0.0,-2.8
304,Mason Plumlee,LAC,33,6,3,3,17.0,5.0,2.0,3.2,63.2,0.0,0.0,0.0,1.0,2.3,42.9,1.3,4.2,5.5,1.0,0.8,0.7,0.2,1.0,14.8,0.0,0.0,-2.3
305,Stanley Umude,DET,24,15,1,14,10.3,5.0,1.3,2.9,45.5,0.9,1.8,51.9,1.4,1.5,91.3,0.2,1.7,1.9,0.5,0.7,0.3,0.3,1.6,9.2,0.0,0.0,-2.9
306,Joe Ingles,ORL,36,20,14,6,18.9,5.0,1.7,4.1,42.0,1.0,2.6,39.2,0.6,0.7,84.6,0.5,2.2,2.6,3.5,1.0,0.9,0.1,1.6,15.1,0.0,0.0,4.8
307,Isaiah Jackson,IND,21,11,7,4,12.8,4.9,1.7,3.1,55.9,0.0,0.1,0.0,1.5,2.1,69.6,1.5,2.6,4.1,0.9,0.5,0.5,1.7,3.0,17.3,0.0,0.0,0.5
308,Justin Holiday,DEN,34,12,7,5,14.5,4.8,1.8,3.2,57.9,1.2,2.3,51.9,0.0,0.0,0.0,0.3,1.5,1.8,1.3,0.3,0.5,0.0,1.3,10.1,0.0,0.0,5.4
309,Dante Exum,DAL,28,16,10,6,10.6,4.8,2.0,3.9,50.8,0.3,1.1,23.5,0.6,0.9,60.0,0.5,1.8,2.3,1.5,0.3,0.3,0.1,1.0,10.8,0.0,0.0,2.4
310,Jeremiah Robinson-Earl,NOP,23,8,3,5,12.2,4.8,1.6,3.1,52.0,0.8,1.4,54.5,0.8,0.8,100,1.0,1.8,2.8,0.6,0.8,0.3,0.0,1.1,9.0,0.0,0.0,-4.4
311,Troy Brown Jr.,MIN,24,15,12,3,13.8,4.7,1.4,3.3,42.0,0.8,2.1,37.5,1.1,1.3,85.0,0.7,2.1,2.8,0.7,0.5,0.3,0.1,0.8,9.8,0.0,0.0,2.8
312,Chris Duarte,SAC,26,17,10,7,15.1,4.7,1.6,4.2,39.4,0.8,2.5,33.3,0.6,0.8,71.4,0.2,1.8,2.0,0.9,0.6,0.7,0.1,2.8,10.2,0.0,0.0,-0.8
313,Bryce McGowens,CHA,21,13,4,9,15.7,4.7,1.5,3.5,44.4,1.0,2.2,44.8,0.6,0.8,80.0,0.3,1.6,1.9,0.9,0.5,0.5,0.2,1.4,9.7,0.0,0.0,-3.0
314,Anthony Black,ORL,19,18,13,5,19.1,4.7,1.8,3.8,47.1,0.4,1.3,29.2,0.7,1.1,65.0,0.6,1.7,2.3,1.5,1.1,0.3,0.4,2.1,10.6,0.0,0.0,1.0
315,Nikola Jovic,MIA,20,3,0,3,15.0,4.7,1.3,3.7,36.4,1.0,2.0,50.0,1.0,1.3,75.0,0.3,6.7,7.0,3.0,1.3,0.3,0.0,2.3,17.2,0.0,0.0,3.3
316,Aaron Wiggins,OKC,24,17,12,5,11.8,4.6,1.7,2.9,58.0,0.5,1.2,45.0,0.7,1.0,70.6,0.5,1.6,2.1,0.8,0.5,0.4,0.1,0.9,9.0,0.0,0.0,1.8
317,Omer Yurtseven,UTA,25,14,5,9,12.2,4.6,2.0,3.6,54.9,0.2,0.9,23.1,0.4,0.6,75.0,1.5,3.2,4.7,0.9,0.7,0.2,0.5,1.4,13.0,0.0,0.0,-0.6
318,Vince Williams Jr.,MEM,23,11,2,9,13.8,4.6,1.4,3.1,44.1,0.8,2.5,33.3,1.1,1.2,92.3,0.5,2.8,3.3,1.2,0.5,0.3,0.6,2.2,12.5,0.0,0.0,2.9
319,Patrick Beverley,PHI,35,19,12,7,18.2,4.5,1.7,3.8,44.4,0.6,1.9,30.6,0.6,0.8,68.8,0.9,2.3,3.2,2.5,0.7,0.5,0.3,2.1,14.0,0.0,0.0,2.7
320,Peyton Watson,DEN,21,19,13,6,15.0,4.5,1.9,3.8,50.7,0.2,1.0,21.1,0.4,0.8,50.0,0.4,1.5,1.9,0.7,0.6,0.5,1.0,1.4,11.9,0.0,0.0,-1.1
321,Jaylin Williams,OKC,21,14,10,4,13.4,4.5,1.6,4.0,39.3,0.9,2.4,36.4,0.5,0.6,87.5,0.6,3.2,3.9,1.6,0.4,0.4,0.1,1.8,12.6,0.0,0.0,2.4
322,Dru Smith,MIA,25,9,7,2,14.5,4.3,1.7,3.7,45.5,0.8,1.9,41.2,0.2,0.2,100,0.7,0.9,1.6,1.6,0.6,1.0,0.3,1.3,12.0,0.0,0.0,-4.8
323,Dwight Powell,DAL,32,17,10,7,14.2,4.3,1.2,1.7,72.4,0.1,0.1,100,1.8,2.2,78.9,1.2,1.8,3.0,1.3,0.4,0.3,0.5,1.7,11.7,0.0,0.0,-2.5
324,Luke Kornet,BOS,28,14,10,4,13.1,4.3,1.9,2.3,81.3,0.0,0.0,0.0,0.6,0.7,80.0,1.2,2.1,3.4,0.5,0.4,0.5,0.6,1.2,12.1,0.0,0.0,1.2
325,Theo Maledon,CHA,22,13,3,10,15.4,4.2,1.5,5.1,28.8,0.4,2.3,16.7,0.8,0.9,91.7,0.3,1.5,1.8,2.2,1.2,0.5,0.0,1.4,10.0,0.0,0.0,-4.4
326,Seth Curry,DAL,33,15,9,6,10.8,4.1,1.5,3.9,37.9,0.7,2.1,34.4,0.4,0.5,85.7,0.4,0.9,1.3,0.9,0.3,0.5,0.1,0.8,8.7,0.0,0.0,0.3
327,Cam Whitmore,HOU,19,5,2,3,6.4,4.0,1.4,3.0,46.7,0.2,1.0,20.0,1.0,2.0,50.0,0.2,1.4,1.6,0.4,0.4,0.2,0.0,0.4,6.7,0.0,0.0,-2.0
328,Neemias Queta,BOS,24,3,3,0,10.2,4.0,1.3,3.3,40.0,0.0,0.0,0.0,1.3,1.7,80.0,2.7,3.0,5.7,0.0,0.7,0.3,0.0,0.7,11.1,0.0,0.0,1.7
329,Nick Smith Jr.,CHA,19,8,3,5,7.1,4.0,1.5,3.1,48.0,1.0,1.5,66.7,0.0,0.0,0.0,0.3,0.4,0.6,0.3,0.3,0.1,0.3,0.6,6.0,0.0,0.0,-1.6
330,Ryan Rollins,WAS,21,8,1,7,6.1,4.0,1.1,2.3,50.0,0.1,0.3,50.0,1.6,2.0,81.3,0.3,1.0,1.3,1.3,0.9,1.0,0.3,0.8,10.3,0.0,0.0,6.4
331,Tre Mann,OKC,22,6,5,1,7.9,4.0,1.7,3.0,55.6,0.5,1.3,37.5,0.2,0.2,100,0.5,1.5,2.0,1.3,0.8,0.2,0.0,0.2,8.1,0.0,0.0,2.3
332,Jacob Gilyard,MEM,25,14,4,10,16.5,3.9,1.4,3.1,43.2,1.1,2.8,41.0,0.1,0.1,100,0.4,0.9,1.3,3.1,0.6,0.6,0.1,1.1,11.7,0.0,0.0,-3.8
333,Mo Bamba,PHI,25,9,6,3,6.3,3.9,1.4,2.7,54.2,0.3,0.8,42.9,0.7,0.9,75.0,1.3,1.0,2.3,0.1,0.7,0.1,0.8,0.8,8.9,0.0,0.0,2.1
334,Gradey Dick,TOR,20,15,7,8,14.7,3.9,1.1,4.2,27.0,0.7,2.7,24.4,0.9,0.9,100,0.5,1.0,1.5,1.0,0.8,0.3,0.0,1.5,7.1,0.0,0.0,-5.1
335,Danuel House Jr.,PHI,30,10,6,4,12.7,3.8,1.3,3.1,41.9,0.4,1.6,25.0,0.8,1.0,80.0,0.4,1.0,1.4,0.8,0.9,0.5,0.1,1.0,7.6,0.0,0.0,2.7
336,JT Thor,CHA,21,17,6,11,16.5,3.8,1.5,3.6,41.9,0.7,1.9,36.4,0.0,0.2,0.0,0.8,2.1,2.9,0.6,0.2,0.2,0.3,1.2,9.5,0.0,0.0,-3.2
337,Zeke Nnaji,DEN,22,19,13,6,10.5,3.7,1.3,2.7,49.0,0.2,0.4,42.9,0.9,1.5,60.7,1.2,1.1,2.3,0.4,0.5,0.2,0.5,1.4,8.6,0.0,0.0,-4.1
338,Kris Dunn,UTA,29,13,4,9,10.3,3.6,1.5,3.4,43.2,0.3,0.7,44.4,0.4,0.6,62.5,0.3,1.5,1.8,1.9,1.2,0.5,0.1,1.3,9.3,0.0,0.0,0.3
339,Dalano Banton,BOS,24,9,8,1,8.9,3.6,1.4,2.9,50.0,0.1,0.8,14.3,0.6,0.7,83.3,1.0,1.3,2.3,0.4,0.2,0.2,0.2,1.2,8.1,0.0,0.0,-1.0
340,Larry Nance Jr.,NOP,30,14,6,8,15.0,3.5,1.5,3.0,50.0,0.2,0.8,27.3,0.3,0.6,50.0,1.3,2.9,4.1,0.7,0.9,0.6,0.3,1.4,11.4,0.0,0.0,-3.7
341,Kira Lewis Jr.,NOP,22,11,6,5,11.0,3.5,1.3,3.9,32.6,0.2,1.4,13.3,0.7,0.8,88.9,0.3,0.6,0.9,1.6,0.5,0.5,0.1,0.7,8.2,0.0,0.0,-0.2
342,Joe Harris,DET,32,7,2,5,14.0,3.4,1.3,3.6,36.0,0.9,2.7,31.6,0.0,0.0,0.0,0.3,0.7,1.0,0.9,0.4,0.3,0.0,1.7,6.3,0.0,0.0,-2.1
343,Ish Smith,CHA,35,12,3,9,15.9,3.4,1.7,2.8,58.8,0.1,0.2,50.0,0.0,0.0,0.0,0.3,1.6,1.9,2.3,1.3,0.4,0.1,1.2,9.5,0.0,0.0,-5.4
344,Armoni Brooks,BKN,25,5,3,2,9.0,3.4,1.2,3.4,35.3,1.0,2.6,38.5,0.0,0.0,0.0,0.4,1.6,2.0,0.0,0.2,0.0,0.0,0.2,5.6,0.0,0.0,6.2
345,Jake LaRavia,MEM,22,5,0,5,12.2,3.4,1.4,4.0,35.0,0.4,2.4,16.7,0.2,0.4,50.0,0.6,1.0,1.6,0.4,0.4,0.2,0.0,1.6,6.1,0.0,0.0,-4.4
346,Jarace Walker,IND,20,5,2,3,8.1,3.4,1.4,3.6,38.9,0.0,1.0,0.0,0.6,0.6,100,0.2,1.4,1.6,1.2,0.2,0.4,0.4,0.8,9.3,0.0,0.0,2.2
347,Maxi Kleber,DAL,31,5,4,1,18.1,3.4,0.8,3.2,25.0,0.6,1.8,33.3,1.2,2.0,60.0,0.8,3.4,4.2,2.0,0.8,0.2,0.2,1.6,11.8,0.0,0.0,-0.6
348,Vasilije Micic,OKC,29,8,6,2,12.3,3.4,1.1,3.0,37.5,0.6,1.8,35.7,0.5,0.8,66.7,0.0,0.5,0.5,2.8,1.3,0.1,0.0,0.8,7.2,0.0,0.0,3.1
349,Boban Marjanovic,HOU,35,3,2,1,6.7,3.3,1.7,3.0,55.6,0.0,0.3,0.0,0.0,0.3,0.0,0.7,2.0,2.7,1.0,0.0,0.0,0.3,0.7,9.0,0.0,0.0,-1.7
350,Jamal Cain,MIA,24,6,1,5,12.7,3.3,1.3,2.8,47.1,0.3,1.5,22.2,0.3,0.8,40.0,0.5,1.0,1.5,0.0,0.3,0.7,0.0,0.8,6.8,0.0,0.0,-2.8
351,Charles Bassey,SAS,23,19,3,16,10.8,3.3,1.5,2.1,72.5,0.0,0.1,0.0,0.3,0.3,83.3,1.2,2.8,4.0,1.1,0.8,0.4,0.9,1.6,12.9,0.0,0.0,-2.4
352,Mike Muscala,WAS,32,7,1,6,11.7,3.3,1.1,2.7,42.1,0.4,1.4,30.0,0.6,0.6,100,0.3,2.4,2.7,1.1,1.0,0.1,0.4,1.0,9.0,0.0,0.0,-7.9
353,Jalen Hood-Schifino,LAL,20,4,2,2,10.9,3.3,1.0,3.8,26.7,0.3,2.0,12.5,1.0,2.0,50.0,0.0,0.5,0.5,0.8,0.8,0.0,0.0,1.5,4.2,0.0,0.0,-11.5
354,Luka Garza,MIN,24,4,2,2,3.1,3.3,1.0,2.5,40.0,0.0,0.5,0.0,1.3,2.0,62.5,0.8,0.8,1.5,0.0,0.3,0.0,0.0,0.8,4.8,0.0,0.0,0.5
355,Nate Williams,HOU,24,4,2,2,5.4,3.3,1.5,2.8,54.5,0.0,0.5,0.0,0.3,0.5,50.0,0.0,0.0,0.0,0.5,0.0,0.3,0.0,0.5,4.8,0.0,0.0,-0.5
356,Colby Jones,SAC,21,9,3,6,7.8,3.2,1.4,3.1,46.4,0.1,0.9,12.5,0.2,0.3,66.7,0.7,0.9,1.6,0.2,0.4,0.2,0.1,1.0,6.0,0.0,0.0,-1.1
357,Jaxson Hayes,LAL,23,18,12,6,10.9,3.2,1.3,1.8,69.7,0.0,0.2,0.0,0.7,1.2,57.1,0.4,1.2,1.6,0.4,0.7,0.2,0.5,1.8,7.1,0.0,0.0,-2.4
358,Jaden Springer,PHI,21,11,7,4,11.6,3.2,1.2,3.4,35.1,0.3,1.1,25.0,0.5,0.7,75.0,1.1,0.9,2.0,0.9,1.1,0.5,0.5,1.6,8.9,0.0,0.0,0.3
359,Otto Porter Jr.,TOR,30,9,5,4,12.3,3.1,1.1,2.6,43.5,0.8,1.8,43.8,0.1,0.1,100,0.7,1.8,2.4,0.1,0.1,0.3,0.3,1.1,8.1,0.0,0.0,2.3
360,Keon Ellis,SAC,23,11,9,2,11.2,3.1,1.0,2.6,37.9,0.5,2.1,26.1,0.5,1.0,54.5,0.4,1.1,1.5,0.9,0.5,0.5,0.4,1.0,8.4,0.0,0.0,0.5
361,Dean Wade,CLE,27,13,7,6,20.3,3.1,1.0,3.1,32.5,0.9,2.9,31.6,0.2,0.3,50.0,0.9,3.2,4.1,0.8,0.4,0.8,0.2,2.2,12.1,0.0,0.0,0.0
362,Johnny Davis,WAS,21,14,2,12,9.1,3.1,1.4,2.9,47.5,0.1,0.2,33.3,0.3,0.4,80.0,0.6,0.8,1.4,0.4,0.4,0.5,0.1,0.7,6.6,0.0,0.0,0.0
363,Caleb Houstan,ORL,20,12,8,4,7.9,3.0,0.9,1.8,52.4,0.8,1.7,50.0,0.3,0.3,100,0.2,0.9,1.1,0.4,0.3,0.2,0.0,0.8,5.2,0.0,0.0,-0.5
364,John Konchar,MEM,27,15,3,12,17.6,3.0,1.1,3.2,35.4,0.5,1.8,29.6,0.2,0.3,75.0,1.1,2.8,3.9,1.5,0.4,0.6,0.7,1.1,13.3,0.0,0.0,-3.8
365,Moussa Diabate,LAC,21,9,5,4,6.1,3.0,1.0,2.0,50.0,0.0,0.0,0.0,1.0,1.3,75.0,1.6,0.6,2.1,0.4,0.2,0.4,0.0,0.4,7.3,0.0,0.0,0.0
366,Ousmane Dieng,OKC,20,12,6,6,10.2,3.0,1.1,3.1,35.1,0.6,2.2,26.9,0.3,0.3,75.0,0.5,1.3,1.8,0.9,0.3,0.1,0.0,0.6,6.5,0.0,0.0,-1.8
367,Patty Mills,ATL,35,1,1,0,4.9,3.0,1.0,2.0,50.0,1.0,1.0,100,0.0,0.0,0.0,0.0,1.0,1.0,0.0,0.0,0.0,0.0,0.0,4.2,0.0,0.0,-2.0
368,Taylor Hendricks,UTA,20,2,1,1,10.1,3.0,1.0,3.5,28.6,0.5,2.0,25.0,0.5,1.0,50.0,0.5,1.0,1.5,0.0,0.0,0.0,1.0,0.5,7.8,0.0,0.0,1.5
369,Trayce Jackson-Davis,GSW,23,13,6,7,7.9,3.0,0.9,1.7,54.5,0.0,0.0,0.0,1.2,1.9,60.0,0.8,0.9,1.8,0.5,0.5,0.2,0.5,1.4,7.4,0.0,0.0,2.8
370,Richaun Holmes,DAL,30,10,4,6,11.0,2.9,1.2,2.4,50.0,0.0,0.0,0.0,0.5,1.2,41.7,1.5,2.4,3.9,0.5,0.6,0.1,0.5,1.7,9.5,0.0,0.0,-0.4
371,Lindy Waters III,OKC,26,8,6,2,7.7,2.9,1.0,2.3,44.4,0.9,2.1,41.2,0.0,0.0,0.0,0.1,0.6,0.8,0.6,0.0,0.0,0.1,0.5,5.1,0.0,0.0,3.9
372,Jared Butler,WAS,23,7,1,6,5.1,2.9,1.0,2.1,46.7,0.4,1.3,33.3,0.4,0.4,100,0.0,0.4,0.4,1.3,0.4,0.6,0.1,0.7,7.0,0.0,0.0,0.4
373,Dereon Seabron,NOP,23,5,2,3,10.5,2.8,0.8,2.6,30.8,0.2,0.4,50.0,1.0,1.2,83.3,0.2,1.2,1.4,0.8,0.0,0.4,0.2,0.8,7.5,0.0,0.0,5.4
374,Ben Sheppard,IND,22,9,5,4,6.5,2.8,1.0,2.4,40.9,0.6,1.7,33.3,0.2,0.2,100,0.1,0.4,0.6,0.6,0.1,0.1,0.0,0.7,4.5,0.0,0.0,0.6
375,AJ Griffin,ATL,20,11,7,4,9.2,2.7,0.9,3.0,30.3,0.7,2.2,33.3,0.2,0.2,100,0.2,0.7,0.9,0.3,0.4,0.1,0.0,0.5,4.1,0.0,0.0,-2.7
376,Anthony Gill,WAS,31,11,2,9,6.2,2.7,0.9,1.8,50.0,0.0,0.3,0.0,0.9,1.1,83.3,0.4,0.8,1.2,0.5,0.6,0.3,0.3,0.5,5.8,0.0,0.0,4.6
377,Sandro Mamukelashvili,SAS,24,7,0,7,7.8,2.7,0.9,2.1,40.0,0.3,1.0,28.6,0.7,0.9,83.3,0.9,1.0,1.9,1.1,0.4,0.3,0.1,1.1,7.5,0.0,0.0,0.9
378,Devonte' Graham,SAS,28,3,0,3,11.9,2.7,0.7,2.3,28.6,0.0,1.3,0.0,1.3,1.7,80.0,0.3,0.3,0.7,3.7,0.7,0.7,0.3,0.7,11.3,0.0,0.0,1.3
379,Markieff Morris,DAL,34,3,1,2,7.6,2.7,1.0,4.3,23.1,0.7,2.7,25.0,0.0,0.0,0.0,0.7,0.7,1.3,0.7,0.0,0.0,0.0,0.7,5.3,0.0,0.0,-4.7
380,Kenneth Lofton Jr.,MEM,21,13,3,10,7.2,2.6,1.0,2.6,38.2,0.2,0.6,25.0,0.5,1.0,46.2,0.2,0.9,1.1,0.9,0.5,0.2,0.2,1.2,6.0,0.0,0.0,0.4
381,Jared Rhoden,DET,24,5,0,5,5.9,2.6,1.0,1.8,55.6,0.2,0.8,25.0,0.4,0.4,100,0.2,0.6,0.8,0.6,0.4,0.0,0.0,0.8,4.1,0.0,0.0,3.2
382,AJ Green,MIL,24,12,9,3,7.5,2.6,0.9,2.5,36.7,0.7,2.2,30.8,0.1,0.1,100,0.2,0.6,0.8,0.7,0.0,0.0,0.0,0.8,4.5,0.0,0.0,1.2
383,Chimezie Metu,PHX,26,11,7,4,7.1,2.5,1.0,2.0,50.0,0.3,0.8,33.3,0.3,0.4,75.0,0.2,1.2,1.4,0.4,0.3,0.1,0.3,1.2,5.5,0.0,0.0,-1.3
384,Alex Len,SAC,30,6,4,2,6.8,2.5,1.0,1.3,75.0,0.0,0.2,0.0,0.5,1.2,42.9,1.2,1.5,2.7,0.8,0.3,0.2,0.8,0.3,9.6,0.0,0.0,3.3
385,Chris Livingston,MIL,20,2,0,2,4.7,2.5,1.0,1.0,100,0.5,0.5,100,0.0,0.0,0.0,0.0,0.0,0.0,0.5,0.0,0.0,0.0,0.0,3.3,0.0,0.0,1.0
386,Jordan Miller,LAC,23,2,2,0,3.4,2.5,1.0,1.5,66.7,0.5,0.5,100,0.0,0.0,0.0,0.0,0.0,0.0,0.0,0.0,0.0,0.0,1.0,2.5,0.0,0.0,-2.5
387,Lester Quinones,GSW,23,2,1,1,4.5,2.5,1.0,3.0,33.3,0.5,2.0,25.0,0.0,0.0,0.0,0.0,0.0,0.0,0.0,0.5,0.0,0.0,0.5,2.0,0.0,0.0,0.5
388,Luka Samanic,UTA,23,9,2,7,6.1,2.4,1.0,2.7,37.5,0.3,1.2,27.3,0.1,0.1,100,0.3,1.4,1.8,0.2,0.4,0.1,0.2,0.6,5.5,0.0,0.0,0.7
389,Olivier Sarr,OKC,24,5,3,2,10.8,2.4,0.6,1.2,50.0,0.4,0.6,66.7,0.8,1.2,66.7,0.8,3.2,4.0,0.2,0.4,0.0,1.0,2.0,10.1,0.0,0.0,3.8
390,Sam Merrill,CLE,27,10,6,4,7.5,2.4,0.8,2.5,32.0,0.8,2.2,36.4,0.0,0.0,0.0,0.2,0.4,0.6,0.6,0.2,0.2,0.0,0.6,4.4,0.0,0.0,-2.8
391,Tristan Thompson,CLE,32,15,9,6,8.8,2.3,1.0,1.5,68.2,0.0,0.0,0.0,0.3,0.9,38.5,1.1,1.3,2.5,0.7,0.5,0.1,0.3,0.9,7.3,0.0,0.0,-1.5
392,Wesley Matthews,ATL,37,9,2,7,10.6,2.3,0.7,1.9,35.3,0.6,1.8,31.3,0.4,0.9,50.0,0.2,0.9,1.1,0.8,0.2,0.3,0.1,1.3,5.9,0.0,0.0,-2.4
393,Jalen Pickett,DEN,24,11,7,4,6.8,2.3,0.8,1.8,45.0,0.5,1.3,35.7,0.2,0.2,100,0.1,0.8,0.9,0.6,0.5,0.3,0.0,0.6,4.6,0.0,0.0,0.3
394,Andre Jackson Jr.,MIL,22,15,9,6,8.6,2.3,0.9,1.5,63.6,0.4,0.7,54.5,0.0,0.0,0.0,0.7,0.7,1.3,0.7,0.5,0.3,0.0,1.5,5.4,0.0,0.0,-0.6
395,Nate Hinton,HOU,24,4,2,2,4.1,2.3,0.8,1.5,50.0,0.8,0.8,100,0.0,0.0,0.0,0.3,0.5,0.8,0.0,0.0,0.0,0.0,0.5,3.2,0.0,0.0,1.0
396,Furkan Korkmaz,PHI,26,14,9,5,7.4,2.2,0.8,2.1,36.7,0.3,1.1,26.7,0.4,0.5,71.4,0.1,0.5,0.6,0.4,0.4,0.6,0.0,0.5,5.0,0.0,0.0,2.1
397,Garrett Temple,TOR,37,5,1,4,3.3,2.2,0.8,1.0,80.0,0.2,0.2,100,0.4,0.4,100,0.0,0.4,0.4,0.4,0.0,0.2,0.0,0.0,3.9,0.0,0.0,2.2
398,Jalen McDaniels,TOR,25,15,5,10,9.2,2.1,0.9,3.1,28.3,0.3,1.5,18.2,0.1,0.1,100,0.3,0.9,1.2,0.6,0.4,0.3,0.2,0.9,5.7,0.0,0.0,-1.4
399,Amari Bailey,CHA,19,1,0,1,3.3,2.0,1.0,3.0,33.3,0.0,0.0,0.0,0.0,0.0,0.0,2.0,0.0,2.0,0.0,0.0,0.0,0.0,0.0,4.4,0.0,0.0,7.0
400,Colin Castleton,LAL,23,3,0,3,7.5,2.0,0.7,1.7,40.0,0.0,0.0,0.0,0.7,0.7,100,1.0,1.0,2.0,0.7,0.0,0.0,0.0,1.7,5.4,0.0,0.0,-5.3
401,Collin Gillespie,DEN,24,10,7,3,8.1,2.0,0.8,1.9,42.1,0.3,1.2,25.0,0.1,0.1,100,0.0,0.3,0.3,0.8,0.4,0.5,0.0,0.9,4.7,0.0,0.0,-0.6
402,Cory Joseph,GSW,32,10,2,8,10.8,2.0,0.6,2.5,24.0,0.4,1.8,22.2,0.4,0.7,57.1,0.2,0.7,0.9,2.1,0.5,0.3,0.1,1.0,6.9,0.0,0.0,1.3
403,Dexter Dennis,DAL,24,2,0,2,3.6,2.0,1.0,3.0,33.3,0.0,1.5,0.0,0.0,0.5,0.0,0.5,0.5,1.0,0.0,0.0,0.0,0.0,0.0,3.2,0.0,0.0,-3.5
404,Evan Fournier,NYK,31,1,1,0,15.6,2.0,1.0,6.0,16.7,0.0,4.0,0.0,0.0,0.0,0.0,0.0,1.0,1.0,1.0,0.0,1.0,0.0,2.0,7.7,0.0,0.0,6.0
405,Gui Santos,GSW,21,2,0,2,6.1,2.0,1.0,2.0,50.0,0.0,0.5,0.0,0.0,0.0,0.0,1.0,1.0,2.0,0.5,1.0,0.0,0.0,1.0,4.2,0.0,0.0,1.0
406,Kobe Brown,LAC,23,10,6,4,8.5,2.0,0.8,2.2,36.4,0.4,1.5,26.7,0.0,0.0,0.0,0.3,1.2,1.5,0.5,0.1,0.1,0.1,1.4,5.1,0.0,0.0,-0.2
407,Markquis Nowell,TOR,23,1,0,1,3.5,2.0,0.0,1.0,0.0,0.0,0.0,0.0,2.0,2.0,100,2.0,0.0,2.0,2.0,0.0,1.0,0.0,0.0,10.4,0.0,0.0,4.0
408,Moses Brown,POR,24,3,0,3,4.8,2.0,1.0,1.7,60.0,0.0,0.0,0.0,0.0,0.7,0.0,1.3,0.3,1.7,0.3,0.0,0.3,0.3,0.3,6.5,0.0,0.0,-3.0
409,Saben Lee,PHX,24,3,2,1,3.5,2.0,1.0,2.0,50.0,0.0,0.3,0.0,0.0,0.0,0.0,0.7,0.3,1.0,1.0,0.0,0.0,0.3,0.3,5.7,0.0,0.0,-2.0
410,Svi Mykhailiuk,BOS,26,8,6,2,7.4,2.0,0.8,2.1,35.3,0.5,1.8,28.6,0.0,0.0,0.0,0.1,0.5,0.6,0.1,0.5,0.4,0.0,0.5,3.6,0.0,0.0,1.4
411,Ty Jerome,CLE,26,2,1,1,7.4,2.0,1.0,2.0,50.0,0.0,0.5,0.0,0.0,0.0,0.0,0.5,0.0,0.5,1.5,0.5,0.0,0.0,1.0,4.4,0.0,0.0,-7.0
412,Olivier-Maxence Prosper,DAL,21,9,3,6,7.3,1.9,0.4,1.8,25.0,0.1,1.1,10.0,0.9,1.3,66.7,0.3,0.8,1.1,0.4,0.0,0.1,0.0,0.6,4.2,0.0,0.0,-1.4
413,Jock Landale,HOU,28,13,7,6,8.7,1.8,0.7,2.0,34.6,0.2,0.8,20.0,0.3,0.3,100,0.7,1.1,1.8,0.6,0.6,0.3,0.2,0.7,5.9,0.0,0.0,0.7
414,Cody Zeller,NOP,31,17,8,9,9.8,1.8,0.6,1.9,31.3,0.0,0.1,0.0,0.6,1.3,50.0,1.2,2.0,3.2,1.1,0.4,0.2,0.1,1.2,7.8,0.0,0.0,1.0
415,KJ Martin,PHI,22,11,7,4,7.7,1.8,0.7,2.0,36.4,0.1,0.5,16.7,0.3,0.5,50.0,0.3,0.8,1.1,0.4,0.5,0.5,0.1,1.3,4.9,0.0,0.0,0.6
416,Kris Murray,POR,23,10,1,9,8.8,1.8,0.6,2.0,30.0,0.3,1.2,25.0,0.3,0.5,60.0,0.4,0.4,0.8,0.3,0.1,0.5,0.1,0.8,4.9,0.0,0.0,-1.1
417,Miles McBride,NYK,23,12,7,5,4.5,1.8,0.7,1.4,47.1,0.3,1.1,30.8,0.1,0.2,50.0,0.1,0.2,0.3,0.3,0.0,0.3,0.0,0.6,3.4,0.0,0.0,-1.2
418,Oshae Brissett,BOS,25,8,6,2,11.2,1.8,0.4,2.1,17.6,0.1,1.1,11.1,0.9,1.5,58.3,1.0,1.6,2.6,0.4,0.3,0.5,0.0,1.1,6.7,0.0,0.0,-0.3
419,Emoni Bates,CLE,19,7,4,3,7.5,1.7,0.6,2.1,26.7,0.4,1.7,25.0,0.1,0.3,50.0,0.1,1.1,1.3,0.3,0.1,0.1,0.1,0.3,4.4,0.0,0.0,-8.0
420,Garrison Mathews,ATL,27,7,4,3,6.8,1.7,0.6,1.6,36.4,0.6,1.6,36.4,0.0,0.0,0.0,0.3,0.7,1.0,0.1,0.1,0.1,0.0,0.6,3.4,0.0,0.0,-1.4
421,Jamaree Bouyea,POR,24,6,0,6,9.5,1.7,0.8,3.5,23.8,0.0,1.3,0.0,0.0,0.0,0.0,0.3,1.3,1.7,1.3,1.3,0.0,0.0,0.5,4.3,0.0,0.0,-3.7
422,Daishen Nix,MIN,21,5,4,1,3.9,1.6,0.6,1.6,37.5,0.4,1.0,40.0,0.0,0.0,0.0,0.0,0.2,0.2,0.0,0.0,0.2,0.0,0.0,2.4,0.0,0.0,2.6
423,Josh Minott,MIN,21,9,7,2,2.6,1.6,0.7,1.3,50.0,0.0,0.6,0.0,0.2,0.4,50.0,0.1,0.2,0.3,0.1,0.0,0.0,0.1,0.4,2.5,0.0,0.0,0.8
424,D'Moi Hodge,LAL,24,6,1,5,5.5,1.5,0.5,2.0,25.0,0.3,1.7,20.0,0.2,0.3,50.0,0.0,0.0,0.0,0.3,0.2,0.2,0.2,0.7,2.8,0.0,0.0,-6.7
425,Lamar Stevens,BOS,26,6,4,2,3.4,1.5,0.7,1.2,57.1,0.2,0.2,100,0.0,0.0,0.0,0.7,0.3,1.0,0.3,0.5,0.2,0.2,0.7,3.7,0.0,0.0,-1.2
426,Reggie Bullock Jr.,HOU,32,8,3,5,9.5,1.5,0.5,1.6,30.8,0.5,1.5,33.3,0.0,0.0,0.0,0.3,1.4,1.6,0.4,0.3,0.1,0.1,0.9,4.5,0.0,0.0,-3.6
427,TyTy Washington Jr.,MIL,22,2,1,1,2.8,1.5,0.5,1.5,33.3,0.5,1.0,50.0,0.0,0.0,0.0,0.0,0.5,0.5,0.0,1.0,0.5,0.0,0.0,2.6,0.0,0.0,1.5
428,Blake Wesley,SAS,20,5,0,5,4.8,1.4,0.6,1.6,37.5,0.0,0.2,0.0,0.2,0.4,50.0,0.2,0.2,0.4,1.0,0.2,0.0,0.2,0.6,3.8,0.0,0.0,-5.6
429,Bruno Fernando,ATL,25,5,4,1,3.2,1.4,0.6,1.8,33.3,0.0,0.2,0.0,0.2,0.2,100,0.6,0.2,0.8,0.0,0.8,0.0,0.0,0.6,1.6,0.0,0.0,-1.2
430,Jordan Ford,SAC,25,5,2,3,2.7,1.4,0.4,1.0,40.0,0.2,0.4,50.0,0.4,0.4,100,0.0,0.2,0.2,0.2,0.0,0.0,0.0,0.0,1.9,0.0,0.0,0.4
431,Justin Minaya,POR,24,5,0,5,6.1,1.4,0.4,1.2,33.3,0.4,0.8,50.0,0.2,0.4,50.0,0.8,0.2,1.0,0.0,0.2,0.0,0.2,0.2,3.0,0.0,0.0,-2.8
432,E.J. Liddell,NOP,22,3,1,2,2.9,1.3,0.3,1.3,25.0,0.0,1.0,0.0,0.7,0.7,100,0.0,0.7,0.7,0.0,0.3,0.0,0.3,0.3,2.8,0.0,0.0,-1.7
433,P.J. Tucker,LAC,38,15,6,9,15.9,1.3,0.4,1.3,31.6,0.3,1.1,31.3,0.2,0.2,100,1.1,1.8,2.9,0.5,0.3,0.6,0.2,2.3,7.7,0.0,0.0,-0.4
434,Thaddeus Young,TOR,35,3,0,3,3.3,1.3,0.7,1.3,50.0,0.0,0.0,0.0,0.0,0.7,0.0,0.3,0.7,1.0,1.0,0.3,0.0,0.0,0.0,3.7,0.0,0.0,3.7
435,Leaky Black,CHA,24,4,0,4,4.3,1.3,0.5,1.3,40.0,0.3,0.5,50.0,0.0,0.0,0.0,0.0,0.5,0.5,0.3,0.0,0.3,0.5,0.3,4.5,0.0,0.0,3.0
436,Chuma Okeke,ORL,25,9,5,4,4.1,1.2,0.4,1.4,30.8,0.3,1.1,30.0,0.0,0.0,0.0,0.3,0.4,0.8,0.3,0.2,0.0,0.0,0.0,2.4,0.0,0.0,-2.2
437,Kessler Edwards,SAC,23,14,9,5,6.4,1.2,0.4,1.5,28.6,0.3,1.0,28.6,0.1,0.1,50.0,0.2,0.9,1.1,0.4,0.1,0.1,0.1,0.6,3.8,0.0,0.0,-2.5
438,Amir Coffey,LAC,26,10,7,3,5.8,1.2,0.4,1.2,33.3,0.0,0.3,0.0,0.4,0.4,100,0.2,0.5,0.7,0.3,0.2,0.1,0.0,0.5,2.6,0.0,0.0,2.1
439,Jermaine Samuels Jr.,HOU,25,5,2,3,5.7,1.2,0.4,0.8,50.0,0.0,0.4,0.0,0.4,0.4,100,0.2,1.2,1.4,0.4,0.0,0.0,0.2,0.6,4.1,0.0,0.0,-1.6
440,Dalen Terry,CHI,21,6,2,4,3.9,1.2,0.5,1.5,33.3,0.2,0.7,25.0,0.0,0.3,0.0,0.3,1.3,1.7,0.7,0.2,0.0,0.2,0.3,4.5,0.0,0.0,-0.5
441,Dominick Barlow,SAS,20,7,0,7,5.0,1.1,0.4,1.0,42.9,0.0,0.0,0.0,0.3,0.6,50.0,0.0,0.7,0.7,0.0,0.0,0.1,0.0,0.3,2.4,0.0,0.0,-0.9
442,Admiral Schofield,ORL,26,5,4,1,3.6,1.0,0.4,1.4,28.6,0.2,1.2,16.7,0.0,0.4,0.0,0.0,0.2,0.2,0.2,0.2,0.0,0.0,0.4,1.3,0.0,0.0,-2.4
443,Aleksej Pokusevski,OKC,21,6,5,1,5.7,1.0,0.3,1.5,22.2,0.2,1.0,16.7,0.2,0.3,50.0,0.3,0.8,1.2,0.8,0.5,0.0,0.2,0.8,3.7,0.0,0.0,-0.8
444,Alex Fudge,LAL,20,4,1,3,3.6,1.0,0.3,1.5,16.7,0.0,0.5,0.0,0.5,0.5,100,0.5,0.0,0.5,0.0,0.3,0.0,0.0,0.3,1.4,0.0,0.0,-5.0
445,DaQuan Jeffries,NYK,26,7,5,2,2.7,1.0,0.4,1.1,37.5,0.1,0.6,25.0,0.0,0.3,0.0,0.0,0.4,0.4,0.1,0.1,0.0,0.0,0.1,1.6,0.0,0.0,-0.6
446,Dariq Whitehead,BKN,19,1,1,0,2.6,1.0,0.0,0.0,0.0,0.0,0.0,0.0,1.0,2.0,50.0,0.0,0.0,0.0,0.0,0.0,0.0,1.0,0.0,4.0,0.0,0.0,-6.0
447,Dylan Windler,NYK,27,3,2,1,2.5,1.0,0.3,0.7,50.0,0.3,0.7,50.0,0.0,0.0,0.0,0.0,0.3,0.3,0.3,0.0,0.0,0.0,0.3,1.9,0.0,0.0,2.7
448,Filip Petrusev,SAC,23,3,2,1,3.1,1.0,0.3,0.7,50.0,0.0,0.0,0.0,0.3,0.7,50.0,0.0,0.3,0.3,0.0,0.0,0.0,0.0,0.3,1.4,0.0,0.0,2.0
449,Isaiah Mobley,CLE,24,2,0,2,5.0,1.0,0.5,1.5,33.3,0.0,0.5,0.0,0.0,0.0,0.0,0.0,1.0,1.0,1.5,0.5,0.5,0.0,1.0,5.5,0.0,0.0,-4.0
450,Jalen Slawson,SAC,24,4,2,2,4.4,1.0,0.5,0.8,66.7,0.0,0.3,0.0,0.0,0.0,0.0,0.0,1.0,1.0,0.5,0.3,0.0,0.3,0.3,3.5,0.0,0.0,-2.0
451,Jay Huff,DEN,26,2,2,0,0.8,1.0,0.5,0.5,100,0.0,0.0,0.0,0.0,0.0,0.0,0.0,0.0,0.0,0.0,0.0,0.0,0.0,0.0,1.0,0.0,0.0,-2.0
452,Jordan McLaughlin,MIN,27,5,4,1,3.8,1.0,0.2,0.8,25.0,0.2,0.4,50.0,0.4,0.4,100,0.0,0.0,0.0,1.0,0.0,0.0,0.4,0.4,3.7,0.0,0.0,2.0
453,Trent Forrest,ATL,25,4,3,1,7.7,1.0,0.3,1.0,25.0,0.0,0.0,0.0,0.5,0.5,100,0.3,0.0,0.3,1.8,0.3,0.0,0.0,0.5,3.7,0.0,0.0,-4.3
454,Udoka Azubuike,PHX,24,2,2,0,4.3,1.0,0.5,0.5,100,0.0,0.0,0.0,0.0,0.0,0.0,0.0,2.0,2.0,0.0,0.0,0.0,0.0,0.5,3.4,0.0,0.0,-4.5
455,Damian Jones,CLE,28,10,6,4,5.1,0.9,0.4,0.8,50.0,0.0,0.0,0.0,0.1,0.2,50.0,0.4,0.6,1.0,0.3,0.3,0.1,0.2,0.3,3.2,0.0,0.0,-3.2
456,Thanasis Antetokounmpo,MIL,31,7,4,3,6.3,0.9,0.4,1.1,37.5,0.0,0.0,0.0,0.0,0.0,0.0,0.3,0.3,0.6,0.6,0.6,0.1,0.1,1.0,2.7,0.0,0.0,2.1
457,Rayan Rupert,POR,19,7,1,6,4.4,0.7,0.1,1.7,8.3,0.1,0.9,16.7,0.3,0.6,50.0,0.1,0.0,0.1,0.3,0.3,0.3,0.0,0.1,1.9,0.0,0.0,-3.4
458,Julian Phillips,CHI,20,10,3,7,4.8,0.7,0.3,1.3,23.1,0.0,0.6,0.0,0.1,0.4,25.0,0.1,0.6,0.7,0.4,0.1,0.1,0.0,0.6,2.3,0.0,0.0,1.3
459,Bol Bol,PHX,24,3,3,0,2.2,0.7,0.3,0.3,100,0.0,0.0,0.0,0.0,0.0,0.0,0.0,0.3,0.3,0.0,0.7,0.0,0.3,0.0,1.4,0.0,0.0,-3.0
460,Leonard Miller,MIN,20,3,3,0,2.1,0.7,0.3,0.7,50.0,0.0,0.0,0.0,0.0,0.0,0.0,0.0,2.0,2.0,0.3,0.0,0.0,0.0,0.3,3.6,0.0,0.0,-1.7
461,Robin Lopez,MIL,35,3,2,1,3.1,0.7,0.0,0.0,0.0,0.0,0.0,0.0,0.7,0.7,100,0.0,0.0,0.0,0.3,0.3,0.0,0.0,0.7,0.8,0.0,0.0,-0.7
462,Shaquille Harrison,MEM,30,3,1,2,2.0,0.7,0.3,0.7,50.0,0.0,0.0,0.0,0.0,0.0,0.0,0.0,0.7,0.7,0.0,0.0,0.0,0.3,0.0,2.5,0.0,0.0,-3.7
463,Jericho Sims,NYK,25,8,5,3,2.8,0.6,0.3,0.4,66.7,0.0,0.0,0.0,0.1,0.4,33.3,0.1,1.1,1.3,0.1,0.0,0.0,0.0,0.1,2.3,0.0,0.0,0.3
464,Braxton Key,DEN,26,6,5,1,2.5,0.5,0.2,0.8,20.0,0.0,0.3,0.0,0.2,0.3,50.0,0.0,0.5,0.5,0.8,0.0,0.0,0.0,0.5,2.4,0.0,0.0,-1.7
465,Kobe Bufkin,ATL,20,2,2,0,2.2,0.5,0.0,1.5,0.0,0.0,0.5,0.0,0.5,1.0,50.0,0.5,0.5,1.0,0.0,0.0,0.0,0.0,0.0,1.7,0.0,0.0,-7.0
466,Jett Howard,ORL,20,5,3,2,4.6,0.4,0.2,2.0,10.0,0.0,1.6,0.0,0.0,0.0,0.0,0.2,0.2,0.4,0.4,0.4,0.0,0.0,0.0,1.1,0.0,0.0,-0.8
467,Terry Taylor,CHI,24,5,1,4,2.4,0.4,0.2,0.2,100,0.0,0.0,0.0,0.0,0.0,0.0,0.0,0.2,0.2,0.0,0.0,0.2,0.0,0.0,1.2,0.0,0.0,0.0
468,Hunter Tyson,DEN,23,7,5,2,2.6,0.3,0.1,0.6,25.0,0.0,0.4,0.0,0.0,0.0,0.0,0.0,0.6,0.6,0.1,0.0,0.0,0.0,0.7,1.2,0.0,0.0,0.0
469,Brice Sensabaugh,UTA,20,1,0,1,2.4,0.0,0.0,2.0,0.0,0.0,0.0,0.0,0.0,0.0,0.0,1.0,1.0,2.0,0.0,0.0,0.0,0.0,0.0,2.4,0.0,0.0,2.0
470,Danny Green,PHI,36,2,1,1,9.2,0.0,0.0,1.0,0.0,0.0,0.5,0.0,0.0,0.0,0.0,0.0,1.0,1.0,0.5,0.0,0.5,0.0,0.5,3.5,0.0,0.0,0.0
471,GG Jackson,MEM,18,3,0,3,2.2,0.0,0.0,1.3,0.0,0.0,0.7,0.0,0.0,0.0,0.0,0.3,0.7,1.0,0.0,0.3,0.3,0.0,0.0,1.9,0.0,0.0,-0.3
472,Ish Wainright,POR,29,2,0,2,2.6,0.0,0.0,0.5,0.0,0.0,0.5,0.0,0.0,0.0,0.0,0.0,0.0,0.0,0.0,0.0,0.5,0.0,0.5,1.5,0.0,0.0,-0.5
473,Jalen Wilson,BKN,23,2,1,1,3.3,0.0,0.0,0.5,0.0,0.0,0.0,0.0,0.0,0.0,0.0,0.0,0.5,0.5,0.0,0.0,0.0,0.5,0.0,2.1,0.0,0.0,-1.0
474,Jarred Vanderbilt,LAL,24,1,1,0,13.7,0.0,0.0,2.0,0.0,0.0,2.0,0.0,0.0,0.0,0.0,1.0,3.0,4.0,1.0,0.0,0.0,0.0,1.0,6.3,0.0,0.0,2.0
475,Jerome Robinson,GSW,26,1,1,0,4.7,0.0,0.0,2.0,0.0,0.0,0.0,0.0,0.0,0.0,0.0,1.0,1.0,2.0,0.0,0.0,0.0,0.0,0.0,2.4,0.0,0.0,0.0
476,Kaiser Gates,NOP,27,1,0,1,7.4,0.0,0.0,4.0,0.0,0.0,2.0,0.0,0.0,0.0,0.0,0.0,1.0,1.0,0.0,0.0,0.0,0.0,0.0,1.2,0.0,0.0,-2.0
477,Keyontae Johnson,OKC,23,1,0,1,5.5,0.0,0.0,1.0,0.0,0.0,0.0,0.0,0.0,0.0,0.0,0.0,0.0,0.0,0.0,0.0,0.0,0.0,0.0,0.0,0.0,0.0,-2.0
478,Lindell Wigginton,MIL,25,1,1,0,2.4,0.0,0.0,1.0,0.0,0.0,1.0,0.0,0.0,0.0,0.0,0.0,0.0,0.0,0.0,1.0,0.0,0.0,1.0,-1.0,0.0,0.0,-7.0
479,Malcolm Cazalon,DET,22,1,0,1,2.6,0.0,0.0,0.0,0.0,0.0,0.0,0.0,0.0,0.0,0.0,0.0,0.0,0.0,0.0,0.0,0.0,0.0,0.0,0.0,0.0,0.0,5.0
480,Marques Bolden,MIL,25,1,1,0,2.7,0.0,0.0,0.0,0.0,0.0,0.0,0.0,0.0,0.0,0.0,0.0,2.0,2.0,0.0,0.0,0.0,0.0,1.0,2.4,0.0,0.0,11.0
481,Maxwell Lewis,LAL,21,10,4,6,4.3,0.0,0.0,0.5,0.0,0.0,0.1,0.0,0.0,0.0,0.0,0.1,0.1,0.2,0.2,0.4,0.2,0.0,0.2,0.7,0.0,0.0,-3.9
482,Mouhamed Gueye,ATL,21,2,2,0,2.2,0.0,0.0,0.5,0.0,0.0,0.5,0.0,0.0,0.0,0.0,0.0,0.0,0.0,0.0,0.0,0.5,0.0,0.5,1.5,0.0,0.0,-6.5
483,Noah Clowney,BKN,19,1,1,0,2.6,0.0,0.0,0.0,0.0,0.0,0.0,0.0,0.0,0.0,0.0,0.0,1.0,1.0,0.0,0.0,0.0,0.0,0.0,1.2,0.0,0.0,-6.0
484,Onuralp Bitim,CHI,24,1,0,1,3.2,0.0,0.0,0.0,0.0,0.0,0.0,0.0,0.0,0.0,0.0,0.0,0.0,0.0,0.0,0.0,0.0,0.0,0.0,0.0,0.0,0.0,-2.0
485,Patrick Baldwin Jr.,WAS,21,3,0,3,3.6,0.0,0.0,0.7,0.0,0.0,0.3,0.0,0.0,0.0,0.0,0.0,0.3,0.3,0.3,0.0,0.0,0.0,0.3,0.9,0.0,0.0,3.7
486,R.J. Hampton,MIA,22,1,0,1,2.0,0.0,0.0,1.0,0.0,0.0,0.0,0.0,0.0,0.0,0.0,0.0,0.0,0.0,0.0,0.0,0.0,0.0,0.0,0.0,0.0,0.0,7.0
487,Ron Harper Jr.,TOR,23,1,1,0,3.7,0.0,0.0,0.0,0.0,0.0,0.0,0.0,0.0,0.0,0.0,0.0,0.0,0.0,1.0,0.0,0.0,0.0,2.0,1.5,0.0,0.0,-9.0
488,Ryan Arcidiacono,NYK,29,5,4,1,2.1,0.0,0.0,0.2,0.0,0.0,0.2,0.0,0.0,0.0,0.0,0.0,0.4,0.4,0.0,0.0,0.0,0.0,0.0,0.5,0.0,0.0,-0.8
489,Sidy Cissoko,SAS,19,1,0,1,4.3,0.0,0.0,0.0,0.0,0.0,0.0,0.0,0.0,0.0,0.0,0.0,0.0,0.0,0.0,1.0,0.0,0.0,0.0,-1.0,0.0,0.0,-3.0
490,Wendell Moore Jr.,MIN,22,1,1,0,1.9,0.0,0.0,1.0,0.0,0.0,1.0,0.0,0.0,0.0,0.0,0.0,0.0,0.0,0.0,0.0,0.0,0.0,0.0,0.0,0.0,0.0,-1.0
